0.377631
0.377762
0.378321
0.379329
0.575467
0.582610
0.710825
0.711497
0.387600
0.418358
0.672685
0.512011
0.728510
0.732777
0.723129
0.741543
0.739341
0.690946
0.702364
0.683823
0.981557
0.418605
0.365370
0.738151
0.390063
0.395014
0.398832
0.396076
0.390975
0.400706
0.389505
0.385495
0.749598
0.371185
0.423595
0.372367
0.676325
0.539984
0.501039
0.695874
0.573700
0.795801
0.844735
0.555470
0.935134
0.978219
0.802755
0.560388
0.845665
0.598899
0.411866
0.412171
0.412478
0.413071
0.565974
0.573051
0.612992
0.613936
0.407199
0.411311
0.400410
0.391833
0.336087
0.327359
0.299892
0.273049
0.716626
0.705314
0.710586
0.753191
0.668078
0.726177
0.835538
0.701259
0.752656
0.410658
0.411298
0.411684
0.417348
0.637702
0.644225
0.770314
0.771099
0.386099
0.383974
0.659016
0.730337
0.554295
0.954992
0.941482
0.814157
0.905551
0.757499
0.927539
0.937387
0.594555
0.631152
0.489521
0.645269
0.575769
0.410902
0.418151
0.588768
0.602956
0.603583
0.712912
0.725012
0.735291
0.287928
0.339161
0.331069
0.334780
0.505654
0.612415
0.584778
0.322740
0.334012
0.276714
0.278077
0.247035
0.330719
0.341259
0.292470
0.590281
0.590871
