0.001984
0.002341
0.042146
0.050327
0.055500
0.207316
0.212064
0.244799
0.681020
1.044997
1.090137
1.303577
1.487784
1.895543
2.234053
2.498768
2.498833
2.498793
2.498944
2.499026
2.499078
2.499160
2.499841
2.499447
0.002582
2.499916
0.002272
0.002307
0.002590
0.002475
0.064706
0.167577
0.414050
0.426728
0.606308
0.641007
0.675713
1.196767
1.601062
2.217973
2.903124
3.235743
3.427579
3.851110
3.976445
4.133210
5.302815
5.650968
6.142831
6.555352
0.001435
0.001173
0.000724
0.001137
0.001223
0.000938
0.000790
0.001500
0.434792
0.522756
0.600746
0.641627
0.792337
0.817954
0.852914
1.012548
2.244991
2.393712
4.081795
4.082477
4.189612
4.334490
4.883487
5.185554
6.824983
0.006434
0.006736
0.008228
0.015102
0.242312
0.271733
0.346732
0.378054
0.412906
0.574305
0.898825
1.135101
1.965077
2.027513
2.418366
2.779129
2.879393
2.964103
3.838809
4.291967
5.423934
5.629715
5.801647
6.070642
6.192417
0.003787
0.003457
0.008035
0.007854
0.007611
0.007887
0.008428
0.004248
0.008599
0.008377
0.008558
0.008155
0.008346
0.008839
0.008331
0.008224
0.008899
0.010106
0.008828
0.007207
0.010623
0.007341
0.006756
0.011005
0.007283
