0.002288
0.002254
0.003064
0.006144
0.012469
0.018095
0.024775
0.037792
0.054893
0.068512
0.089830
0.105574
0.132293
0.151878
0.173563
0.247286
0.247266
0.303888
0.426990
0.472731
0.533517
0.592697
0.626319
0.955732
1.075587
0.000968
0.000950
0.000756
0.000851
0.000550
0.000594
0.000698
0.000602
0.001147
0.001009
0.001314
0.000595
0.001169
0.000806
0.001722
0.001787
0.000699
0.000567
0.000524
0.000475
0.000194
0.000540
0.002034
0.005182
0.013282
0.008844
0.008350
0.010262
0.014759
0.329007
0.344037
0.363989
0.388041
0.411808
0.424071
0.435584
1.339530
1.360781
1.383888
1.419126
1.448768
1.489971
1.512890
1.550113
1.869216
1.603981
1.649541
1.693159
1.739597
1.781709
0.006869
0.006763
0.008751
0.011888
0.021273
0.024569
0.042268
0.063202
0.082525
0.113321
0.144862
0.169179
0.190200
0.220664
0.263315
0.391105
0.477310
2.106793
2.215311
2.288208
2.335902
2.383272
2.440002
2.533588
2.591394
0.009501
0.009178
0.008965
0.007551
0.009647
0.009693
0.009577
0.009589
0.010049
0.010417
0.010428
0.010188
0.008493
0.011031
0.008738
0.010794
0.010670
0.010514
0.011472
0.012681
0.011778
0.011598
0.011574
0.011529
0.013262
