0.001434
0.002141
0.007587
0.007541
0.008243
0.008919
0.009417
0.009957
0.004460
0.005721
0.006434
0.007139
0.007988
0.008860
0.009771
0.001427
0.002663
0.004494
0.003319
0.001414
0.001362
0.002440
0.003860
0.004015
0.003449
0.006241
0.006246
0.006342
0.006484
0.006607
0.006745
0.008860
0.008867
0.001906
0.002553
0.003123
0.003780
0.007939
0.008338
0.008858
0.001467
0.001521
0.003889
0.002024
0.001494
0.003733
0.006078
0.006709
0.001574
0.001318
0.002631
0.003322
0.004276
0.005142
0.006041
0.004759
0.005653
0.009068
0.003676
0.004632
0.009882
0.009862
0.009863
0.010110
0.010128
0.008160
0.006301
0.006964
0.007663
0.007959
0.009753
0.005640
0.006088
0.012096
0.004981
0.003736
0.004015
0.004532
0.005110
0.005824
0.006541
0.009108
0.009544
0.005357
0.006954
0.007677
0.008547
0.009262
0.010187
0.010592
0.002175
0.002794
0.001485
0.002737
0.001744
0.002317
0.004478
0.003639
0.003457
0.006081
0.002434
0.002958
0.003587
0.004418
0.009185
0.009356
0.009783
0.010428
0.003405
0.003819
0.004301
0.004669
0.005341
0.005321
0.008456
0.008682
0.003280
0.003583
0.003878
0.004216
0.004590
0.005011
0.006241
0.001291
0.001482
