0.007517
0.007628
0.009468
0.015464
0.022510
0.178314
0.195472
0.211578
0.236186
0.257436
0.290262
0.327666
0.358596
0.392182
0.441342
0.482466
0.664303
0.619351
0.710987
0.608630
0.759126
0.805746
0.882254
1.096282
1.125340
0.001883
0.002831
0.007949
0.012256
0.204803
0.217813
0.230422
0.245123
0.271234
0.291844
0.333944
0.361919
0.393116
0.428113
0.463915
0.517895
0.561481
0.622368
0.668241
0.715850
0.791506
0.839081
0.885759
0.936614
0.984066
0.001567
0.001382
0.002903
0.008951
0.015675
0.024688
0.041910
0.057737
0.077574
0.107740
0.132195
0.159704
0.201005
0.235923
0.272040
0.324101
0.410707
0.544578
0.500207
0.773446
0.455782
0.601811
0.659302
0.892103
1.249907
0.011443
0.011302
0.012229
0.016958
0.023246
0.051495
0.061271
0.077139
0.105680
0.127030
0.151224
0.187405
0.220203
0.263138
0.299892
0.395267
0.533258
0.591626
0.636821
0.695554
0.830582
0.877153
1.155422
1.169635
1.230700
0.006405
0.006450
0.010086
0.025635
0.044888
0.059819
0.255725
0.282225
0.314653
0.358198
0.401767
0.455032
0.522132
0.588650
0.661266
0.751351
0.863647
0.983575
1.067411
1.137431
1.208271
1.278140
1.347772
1.415774
1.485949
0.001690
0.001514
0.004774
0.014260
0.030841
0.054054
0.089107
0.126672
0.178094
0.230949
0.289844
0.355304
0.405478
0.464851
0.514723
0.574541
0.654697
0.737990
0.829261
0.917553
1.011409
1.124928
1.264160
1.432980
1.738655
0.001751
0.001459
0.003438
0.007727
0.012351
0.021913
0.034572
0.050237
0.069507
0.090457
0.113867
0.141389
0.172566
0.217227
0.241002
0.280979
0.339776
0.412772
0.489091
0.732042
0.843551
0.933054
0.978847
1.112463
1.213759
0.001491
0.001480
0.003213
0.006007
0.013085
0.019017
0.031267
0.046320
0.064535
0.085564
0.109911
0.137964
0.168156
0.201965
0.238106
0.279756
0.320061
0.380073
0.465573
0.422183
0.612466
0.913839
1.024327
1.292083
1.521400
0.011446
0.011274
0.017054
0.027372
0.044064
0.068580
0.098320
0.136719
0.181562
0.232773
0.298660
0.356697
0.429032
0.508278
0.607851
0.687448
0.788590
0.890471
1.018640
1.264547
1.125715
1.651239
1.777411
1.901821
2.022478
0.005712
0.005291
0.005691
0.005220
0.005933
0.005789
0.005579
0.005761
0.005203
0.006879
0.007040
0.006336
0.006291
0.007740
0.007062
0.006831
0.006118
0.006981
0.007128
0.006876
0.008677
0.006442
0.006232
0.008792
0.006167
