0.016937
0.017861
0.018268
0.018962
0.031895
0.032311
0.032408
0.032516
0.079526
0.119284
0.123677
0.147794
0.192644
0.173478
0.169922
0.162463
0.176495
0.136461
0.091485
0.119712
0.046862
0.054881
0.057736
0.022822
0.025700
0.024919
0.024294
0.024807
0.025301
0.035453
0.037624
0.038438
0.039439
0.022068
0.035891
0.036722
0.037549
0.040679
0.041191
0.041766
0.006564
0.020333
0.020763
0.025271
0.038143
0.016449
0.032174
0.021336
0.033161
0.031386
0.031802
0.031517
0.050861
0.055053
0.055707
0.056387
0.057271
0.058162
0.018028
0.025628
0.032570
0.033504
0.034503
0.020611
0.038344
0.038976
0.015721
0.023950
0.027030
0.032148
0.032693
0.047814
0.038844
0.044171
0.012692
0.020151
0.020760
0.026695
0.027080
0.027439
0.027787
0.032858
0.034231
0.020766
0.034685
0.035302
0.036475
0.039449
0.039988
0.040738
0.005634
0.018234
0.019077
0.019942
0.024995
0.025124
0.031708
0.032550
0.004904
0.004889
0.019239
0.020066
0.020964
0.021481
0.022336
0.023191
0.030410
0.031079
0.018966
0.019302
0.019779
0.020266
0.020950
0.016289
0.030066
0.030529
0.121539
0.121726
0.122585
0.123049
0.123224
0.123715
0.124628
0.054622
0.014689
0.015631
0.021297
0.021248
0.021261
0.021325
0.021345
0.010172
0.017012
0.017748
0.024652
0.030337
0.031005
0.033391
0.033755
0.010732
0.025153
0.018727
0.026010
0.033690
0.018734
0.025635
0.013790
0.018715
0.009139
0.008989
0.018666
0.025940
0.026228
0.024881
0.026980
0.027382
0.033990
0.034611
0.022961
0.036664
0.037601
0.038360
0.042096
0.042621
0.038769
0.015757
0.024468
0.018913
0.022966
0.032388
0.022423
0.024129
0.021014
0.017596
0.013666
0.021678
0.022496
0.041336
0.042092
0.046250
0.046334
0.046644
0.046862
0.115409
0.122321
0.178430
0.222021
0.228541
0.228923
0.229158
0.097429
0.111973
0.118896
0.206487
0.218129
0.187104
0.192235
0.174150
0.167199
0.099574
0.018745
0.025054
0.038323
0.039216
0.040003
0.040828
0.041846
0.041694
0.031599
0.038607
0.039011
0.044079
0.044085
0.044176
0.044328
0.014861
0.021435
0.021681
0.028378
0.033044
0.033925
0.034840
0.035747
0.004903
0.006913
0.007581
0.024927
0.030477
0.030902
0.031903
0.032857
0.012013
0.008721
0.005639
0.013557
0.027443
0.028303
0.033039
0.033582
0.023380
0.010453
0.016385
0.011499
0.019905
0.020695
0.020162
0.011566
0.017932
0.013688
0.016129
0.022161
0.022685
0.023545
0.024172
0.028300
0.028468
0.034733
0.034770
0.023102
0.031203
0.036487
0.037033
0.041253
0.041289
0.034560
0.012079
0.024550
0.046092
0.027980
0.019964
0.014803
0.023137
0.021275
0.043784
0.019051
0.021814
0.022531
0.028186
0.028230
0.037607
0.040701
0.040344
0.040883
0.023370
0.030813
0.036718
0.037437
0.038363
0.040951
0.040945
0.006520
0.015401
0.013015
0.027989
0.015719
0.027176
0.016368
0.016433
0.006195
0.006055
0.024765
0.024450
0.025028
0.025675
0.039064
0.039794
0.040790
0.041101
0.022605
0.022866
0.023182
0.023362
0.023760
0.015492
0.033095
0.033541
0.005490
0.008832
0.009631
0.049534
0.048779
0.048538
0.060613
0.060809
0.012505
