0.002248
0.002734
0.008924
0.014747
0.050041
0.071132
0.080482
0.091089
0.185539
0.243357
0.304608
0.333083
0.467181
0.537249
0.495864
0.722581
0.827229
0.710752
0.537764
0.617236
1.029646
1.075270
1.224054
1.376845
1.483172
0.010345
0.011311
0.011865
0.017345
0.029239
0.221761
0.270727
0.324767
0.360357
0.384384
1.167897
1.197753
1.229406
1.266691
1.373103
1.430402
1.494973
1.617349
1.682303
1.927553
1.941195
2.046600
2.252907
2.377873
2.091283
0.011497
0.011309
0.014403
0.012377
0.077642
0.109669
0.128490
0.468674
0.523860
0.523994
0.566464
0.584767
0.605435
0.626938
0.740048
0.753070
0.838152
0.954715
1.037837
1.127765
1.176158
1.177250
1.224794
1.510859
1.508151
0.007675
0.007956
0.013132
0.021951
0.044381
0.071186
0.108086
0.157336
0.230502
0.270584
0.359946
0.002389
0.002581
0.008375
0.026558
0.043796
0.062191
0.063075
0.063143
0.062655
0.062534
0.062530
0.062615
0.062713
0.062807
0.063429
0.064672
0.064974
0.064833
0.065155
0.065287
0.065321
0.065329
0.065580
0.065552
0.065513
0.005278
0.005362
0.005526
0.007873
0.013702
0.022894
0.045899
0.064055
0.084712
0.126207
0.152995
0.182483
0.226070
0.236789
0.345008
0.295054
0.426722
0.482383
0.619941
0.836419
1.451274
1.922149
4.033054
4.203856
4.080056
0.009645
0.009378
0.012631
0.013106
0.033441
0.041822
0.067546
0.084951
0.113527
0.128502
0.193848
0.194225
0.223726
0.292542
0.329925
0.427227
0.572482
2.588238
2.643211
2.912499
2.984644
3.021312
3.050247
2.929337
3.100617
0.002526
0.002427
0.004966
0.018967
0.019021
0.028210
0.036347
0.062976
0.177456
0.177068
0.177595
0.177847
0.177675
0.177852
0.178472
0.178100
0.177902
0.178082
0.178214
0.178098
0.178234
0.178263
0.178196
0.178306
0.178264
0.003205
0.003247
0.004300
0.007126
0.011658
0.018496
0.030880
0.054379
0.068241
0.083338
0.108739
0.138172
0.159749
0.203423
0.789350
0.802955
0.869163
0.909557
1.068504
1.083943
1.190263
1.554981
1.612599
1.583390
1.829928
0.004343
0.004148
0.007392
0.017155
0.076892
0.085696
0.116636
0.134493
0.179908
0.180048
0.213373
0.251894
0.262882
0.307957
0.428226
0.427567
0.595806
0.716900
0.819915
0.975467
0.891083
3.660695
3.660369
3.787252
3.823871
0.001186
0.001270
0.003276
0.008809
0.026885
0.030969
0.043712
0.065764
0.094235
0.136112
0.144960
0.192203
0.203272
0.250147
0.287097
0.371972
0.372023
0.449030
0.555555
0.659702
2.211952
2.249697
2.278221
2.326034
2.350634
0.011983
0.012252
0.010187
0.012110
0.012508
0.012572
0.010578
0.012631
0.012634
0.012580
0.013224
0.012872
0.013412
0.013119
0.011528
0.013382
0.014462
0.012594
0.014471
0.015875
0.014397
0.014829
0.016109
0.016118
0.016215
