0.002412
0.002332
0.003937
0.013054
0.019363
0.028674
0.040852
0.056204
0.075174
0.088915
0.112905
0.140048
0.160647
0.193828
0.230496
0.256524
0.298793
0.394618
0.438016
0.543450
0.626630
0.353442
0.783388
1.064840
1.125064
0.001543
0.001400
0.004537
0.060477
0.067433
0.073868
0.087195
0.097598
0.110706
0.132839
0.149546
0.177692
0.209604
0.232883
0.257535
0.297848
0.339842
0.385330
0.417599
0.479412
0.540683
0.676352
0.919974
0.982209
1.268984
0.010060
0.009796
0.012181
0.017413
0.025221
0.032902
0.044039
0.061701
0.083285
0.146433
0.169464
0.200886
0.232073
0.254594
0.316635
0.358123
0.453437
0.485574
0.729412
0.788229
0.918313
1.091944
1.174349
1.322606
1.401225
0.001517
0.001438
0.003069
0.007990
0.015365
0.025550
0.037694
0.053510
0.073257
0.102621
0.129407
0.148337
1.836137
1.880890
1.917992
2.061216
2.382963
2.429363
4.594100
4.674289
4.749090
4.797505
4.859516
4.907408
4.972075
0.001355
0.001621
0.003520
0.007654
0.015057
0.025558
0.038068
0.054433
0.074483
0.096662
0.131571
0.150470
0.181901
1.496840
1.605112
1.659568
1.716417
1.761976
1.822149
1.900159
1.949379
2.012742
2.068934
2.848686
3.163485
0.007203
0.006896
0.009498
0.013478
0.022392
0.036641
0.047941
0.070789
0.092187
0.121220
0.146377
0.172923
1.150560
1.194834
1.247006
1.297886
1.354753
1.414148
1.491169
1.852820
2.165466
2.221424
2.285591
2.352419
2.411947
0.010109
0.010026
0.011088
0.016179
0.023187
0.033603
0.066244
0.081722
0.106814
0.360366
0.394544
0.432309
0.472678
0.515768
0.566268
0.607294
0.723057
0.800664
0.663557
0.864744
0.910436
1.086794
1.137575
1.216626
1.552136
0.010125
0.009965
0.011697
0.015940
0.026365
0.039246
0.056454
0.076212
0.105167
0.134482
0.159117
0.195883
0.928873
0.970347
1.022860
1.078736
1.243161
1.304925
1.585362
1.648906
1.707017
1.888458
2.054503
2.130861
2.445525
0.001490
0.001759
0.004348
0.009915
0.019512
0.033109
0.050555
0.072344
0.098505
0.120551
0.153601
0.191173
0.231992
0.277617
0.326510
0.377742
0.440408
0.584378
0.662667
0.770340
0.849833
0.969362
1.081897
1.032172
1.128977
0.011127
0.011303
0.011587
0.011369
0.011582
0.011260
0.011542
0.009061
0.007585
0.011747
0.011675
0.009937
0.012777
0.012446
0.012965
0.014078
0.012998
0.013007
0.012928
0.014597
0.014527
0.012905
0.014462
0.012673
0.011690
