0.000498
0.000084
0.000245
0.000401
0.000265
0.000392
0.000131
0.000245
0.000339
0.000400
0.000072
0.000067
0.000277
0.000358
0.000238
0.000324
0.000402
0.000472
0.000119
0.000100
0.000149
0.000105
0.000103
0.000166
0.000130
0.000130
0.000238
0.000332
0.000401
0.000072
0.000108
0.000139
0.000067
0.000316
0.000338
0.000483
0.000579
0.000623
0.000681
0.000794
0.000775
0.000099
0.000090
0.000188
0.000108
0.000191
0.000106
0.000092
0.000095
0.000716
0.000386
0.000111
0.000205
0.000158
0.000254
0.000304
0.000224
0.000320
0.000397
0.000520
0.000577
0.000608
0.000773
0.000837
0.000749
0.000972
0.000107
0.000107
0.000186
0.000110
0.000127
0.000109
0.000510
0.000222
0.000277
0.000352
0.000222
0.000373
0.000482
0.000534
0.000680
0.000066
0.000077
0.000306
0.000398
0.000504
0.000511
0.000573
0.000773
0.000803
0.000065
0.000330
0.000413
0.000553
0.000609
0.000111
0.000147
0.000110
0.000111
0.000116
0.000167
0.000269
0.000375
0.000183
0.000552
0.000552
0.000083
0.000151
0.000260
0.000375
0.000429
0.000372
0.000582
0.000597
0.000631
0.000716
0.000107
0.000111
0.000114
0.000234
0.000105
0.000111
0.000110
0.000298
0.000145
0.000307
0.000209
0.000131
0.000220
0.000071
0.000186
0.000160
0.000330
0.000331
0.000455
0.000514
0.000604
0.000678
0.000635
0.000727
0.000824
0.000112
0.000123
0.000127
0.000164
0.000265
0.000112
0.000109
0.000229
0.000198
0.000162
0.000102
0.000116
0.000342
0.000365
0.000352
0.000450
0.000323
0.000282
0.000438
0.000560
0.000628
0.000711
0.000974
0.000866
0.000887
0.000105
0.000223
0.000217
0.000222
0.000109
0.000228
0.000329
0.000240
0.000188
0.000277
0.000132
0.000230
0.000206
0.000253
0.000330
0.000254
0.000317
0.000386
0.000454
0.000556
0.000528
0.000665
0.000819
0.000859
0.000793
0.000266
0.000319
0.000226
0.000399
0.000429
0.000607
0.000611
0.000322
0.000347
0.000165
0.000212
0.000289
0.000357
0.000262
0.000163
0.000068
0.000202
0.000521
0.000567
0.000611
0.000669
0.000712
0.000776
0.000842
0.000581
0.000133
0.000131
0.000119
0.000131
0.000123
0.000112
0.000235
0.000185
0.000133
0.000211
0.000279
0.000378
0.000407
0.000243
0.000361
0.000072
0.000072
0.000222
0.000281
0.000255
0.000612
0.000619
0.000553
0.000194
0.000172
0.000308
0.000200
0.000270
0.000305
0.000293
0.000371
0.000258
0.000417
0.000069
