0.084229
0.084533
0.084643
0.085187
0.129888
0.130602
0.130837
0.131226
0.088684
0.124244
0.135243
0.136191
0.141166
0.149179
0.129005
0.064310
0.086918
0.098869
0.143066
0.115919
0.128579
0.128162
0.065915
0.053629
0.079904
0.076383
0.077423
0.083528
0.083758
0.084032
0.084237
0.084681
0.085240
0.082530
0.141052
0.148782
0.161153
0.161608
0.104598
0.070166
0.112119
0.106870
0.107501
0.148049
0.110287
0.114430
0.117796
0.131820
0.121214
0.115054
0.075863
0.083191
0.083569
0.084012
0.124737
0.127919
0.129153
0.129166
0.085857
0.086180
0.124854
0.133637
0.071497
0.131835
0.099599
0.076117
0.106361
0.142124
0.164852
0.105721
0.098132
0.172088
0.117022
0.101500
0.095574
0.078333
0.079244
0.085271
0.085158
0.085247
0.085655
0.117864
0.118063
0.166494
0.167328
0.190589
0.249297
0.268507
0.264612
0.256371
0.280810
0.147127
0.220005
0.166337
0.093025
0.093351
0.127463
0.076643
0.065337
0.081406
0.101923
0.102359
0.102680
0.103130
0.170524
0.171484
0.171517
0.172105
0.098430
0.099349
0.099288
0.099731
0.082394
0.070531
0.131232
0.097762
0.087094
0.093075
0.093094
0.093461
0.085213
0.068814
0.110394
0.095199
0.088667
