0.002095
0.002131
0.001804
0.029093
0.038462
0.067547
0.109970
0.194055
0.323725
0.331831
0.441475
0.490241
0.574914
0.672989
0.819651
0.908756
1.135182
1.735042
1.843372
1.995697
2.108525
2.458402
2.721032
2.780722
3.210499
0.006593
0.007096
0.009052
0.016162
0.024142
0.070507
0.079250
0.094413
0.223316
0.264449
0.290351
0.327161
0.362836
0.726309
0.765597
0.416244
1.078150
1.138100
2.773906
3.076911
2.858890
3.290027
3.137688
2.787310
4.729691
0.007447
0.006622
0.015157
0.016009
0.039441
0.059386
0.062766
0.079831
0.165422
0.250096
0.270528
1.117029
1.139111
1.198811
1.347006
1.381884
1.588312
1.701501
2.071901
2.155030
2.203337
2.258459
3.446076
3.728432
3.780325
0.001232
0.001067
0.019296
0.037983
0.073240
0.088509
0.132520
0.162732
0.349979
0.424198
0.441712
0.522238
0.637762
0.745258
2.201188
2.258629
2.572996
2.352636
2.440919
2.340490
2.998509
3.013948
3.234218
3.400895
3.505810
0.001496
0.001615
0.001486
0.001520
0.001681
0.002020
0.002221
0.002406
0.002053
0.002184
0.002535
0.002482
0.002478
0.002471
0.002717
0.002598
0.002458
0.002675
0.002659
0.002926
0.002759
0.002755
0.005922
0.005328
0.005761
