0.001480
0.001858
0.000680
0.000898
0.001023
0.001043
0.001418
0.000501
0.000637
0.000471
0.000722
0.001039
0.001474
0.001782
0.002085
0.000217
0.000942
0.000599
0.000342
0.000996
0.001338
0.001780
0.002089
0.002510
0.000591
0.000365
0.000719
0.001011
0.001088
0.001227
0.001503
0.000847
0.002079
0.000265
0.000426
0.001156
0.001482
0.001818
0.002324
0.002709
0.000686
0.000713
0.000382
0.000375
0.000730
0.001118
0.000467
0.001172
0.000391
0.000421
0.000522
0.000690
0.001097
0.001094
0.001374
0.001608
0.001833
0.002199
0.001811
0.001901
0.002159
0.002258
0.002396
0.002690
0.002861
0.000380
0.000714
0.000396
0.000372
0.000385
0.000484
0.000408
0.000832
0.000417
0.000725
0.000480
0.000759
0.000565
0.000747
0.000931
0.001188
0.001190
0.001377
0.001149
0.001535
0.001775
0.002136
0.002401
0.002681
0.002912
0.002296
0.000881
0.000495
0.000724
0.000418
0.000396
0.001128
0.000377
0.000809
0.000819
0.000456
0.000630
0.001120
0.001505
0.001718
0.002230
0.002555
0.003045
0.000654
0.001061
0.001418
0.001662
0.001936
0.002323
0.002635
0.002576
0.000958
0.001185
0.001494
0.001668
0.001668
0.000765
0.001107
0.000386
0.000421
0.000465
0.000743
0.000940
0.000748
0.000755
0.000582
0.000812
0.000760
0.001469
0.001731
0.001990
0.002165
0.002609
0.002880
0.003046
0.002156
0.000748
0.000390
0.000647
0.001564
0.002115
0.002318
0.000533
0.001800
0.000726
0.000530
0.000816
0.001170
0.001378
0.001619
0.002076
0.002282
0.002593
0.000726
0.001335
0.001385
0.001518
0.002006
0.002164
0.002493
0.002563
0.000692
0.000502
0.000787
0.000562
0.000376
0.000980
0.000904
0.000724
0.000834
0.000615
0.000399
0.000743
0.000733
0.001015
0.000809
0.000993
0.001330
0.000593
0.001010
0.001227
0.001597
0.001923
0.002224
0.002546
0.000656
0.000781
0.000393
0.001027
0.001310
0.001504
0.002177
0.000780
0.000394
0.002630
0.000475
0.000771
0.000788
0.000473
0.000694
0.000925
0.001386
0.001858
0.000614
0.001195
0.001576
0.002037
0.002356
0.002690
0.003100
0.000625
0.000826
0.000389
0.000478
0.000520
0.001236
0.000441
0.000836
0.000760
0.000911
0.000506
0.000859
0.001131
0.001490
0.001043
0.000968
0.001163
0.000860
0.000604
0.000726
0.000886
0.001476
0.001859
0.002275
0.002076
0.002814
0.000474
0.000626
0.000943
0.000992
0.001146
0.001169
0.001678
0.002129
0.000899
