0.003733
0.003732
0.005396
0.010389
0.015179
0.025220
0.977360
0.992882
1.010269
1.028544
1.040441
1.058024
1.076004
1.087498
1.105386
1.122912
1.141040
1.158751
1.182377
1.200318
1.218082
1.236165
1.253843
1.265961
1.289624
0.009833
0.009842
0.011261
0.015245
0.022842
0.033609
0.043757
0.063657
0.082767
0.105141
0.131898
0.157920
0.191745
0.238821
0.266078
0.318360
0.436512
0.533942
0.609837
0.564386
0.732056
0.853572
0.977016
1.272398
1.317112
0.011341
0.010480
0.012086
0.015708
0.020841
0.029801
0.036716
0.057738
0.078039
0.090508
0.115724
0.143945
0.172215
0.196457
0.233449
0.270955
0.312407
0.420212
0.576108
1.994970
2.538765
2.602754
2.645010
2.689612
2.901529
0.010219
0.010107
0.011583
0.017856
0.026613
0.039033
0.051803
0.067823
0.086230
0.116338
0.151108
0.180794
0.207469
0.245743
0.284172
0.335803
0.688745
0.746751
0.809867
0.878213
0.968676
1.015448
1.080115
1.183151
1.257461
0.001218
0.001052
0.003454
0.008363
0.015627
0.026646
0.378784
0.400899
0.420160
0.442353
0.468567
0.737350
0.767945
0.813229
0.850594
0.891257
0.933611
0.992040
1.041600
1.146036
1.099749
1.203130
1.249828
1.454938
1.503713
0.007730
0.007956
0.010506
0.014602
0.025373
0.032618
0.235368
0.267657
0.291126
0.316877
1.071157
1.107749
1.150646
1.184844
1.234999
1.302767
1.404192
1.451906
1.508640
1.570778
1.638442
1.792463
3.985306
4.203465
4.343673
0.001384
0.001386
0.004969
0.011610
0.018799
0.032547
0.045616
0.067239
0.087291
0.108861
0.143126
0.172096
0.203937
0.249390
0.538877
0.591810
0.647986
0.710497
0.742347
0.816344
0.882895
0.956855
1.227483
1.313903
1.394753
0.009549
0.009350
0.010244
0.015115
0.024000
0.035261
0.051388
0.067422
0.089826
0.112309
0.137379
1.332225
1.372798
1.417082
1.473734
1.629960
1.735625
1.522012
1.675223
1.783770
1.842816
1.584852
1.934743
1.948271
3.596664
0.011363
0.011146
0.013514
0.018104
0.027648
0.033066
0.049172
0.069687
0.090889
0.114783
0.936505
0.976428
1.029768
1.064554
1.156483
1.251349
1.251259
1.313512
1.386694
1.448128
1.525014
1.582441
3.319288
3.483553
3.482409
0.007845
0.007854
0.008198
0.008333
0.008335
0.008276
0.006625
0.007664
0.005787
0.009382
0.008545
0.009539
0.010047
0.008169
0.008902
0.009660
0.008875
0.010746
0.009215
0.008898
0.011035
0.007731
0.009366
0.009534
0.007935
