0.000881
0.001145
0.001209
0.000657
0.001850
0.001062
0.001374
0.001804
0.001791
0.001575
0.001645
0.001422
0.001533
0.001179
0.001054
0.000898
0.001420
0.000686
0.000356
0.000802
0.000208
0.000724
0.000514
0.000444
0.000082
0.004313
0.004590
0.004329
0.004482
0.004049
0.004114
0.001424
0.004260
0.004337
0.004137
0.001764
0.004033
0.002541
0.004102
0.003901
0.002460
0.004687
0.004319
0.002444
0.004712
0.002370
0.004609
0.004565
0.004417
0.004294
0.005635
0.005874
0.006798
0.007596
0.007794
0.007560
0.007325
0.007212
0.005876
0.007577
0.007313
0.006251
0.007429
0.007202
0.007139
0.005783
0.007318
0.007072
0.007889
0.006043
0.007539
0.007818
0.006822
0.006902
0.007664
0.000661
0.000599
0.000292
0.000462
0.001240
0.001218
0.001239
0.001059
0.001331
0.001007
0.001240
0.001114
0.000702
0.000959
0.000515
0.000387
0.000351
0.000455
0.000997
0.000760
0.000656
0.000766
0.000607
0.000628
0.000450
0.006539
0.006767
0.006717
0.006994
0.006477
0.006706
0.004563
0.005284
0.006624
0.006440
0.000744
0.007090
0.006409
0.000595
0.005685
0.007220
0.006286
0.007101
0.006531
0.004891
0.006923
0.006197
0.007049
0.005636
0.006871
