0.001920
0.002122
0.002058
0.001678
0.001942
0.002081
0.001717
0.001551
0.001381
0.001214
0.000967
0.001120
0.001079
0.000839
0.000915
0.000579
0.000894
0.000439
0.000762
0.000564
0.000564
0.000556
0.001569
0.000224
0.000112
0.000211
0.000275
0.000248
0.000157
0.000196
0.000226
0.000284
0.000080
0.000066
0.000079
0.000063
0.000064
0.000060
0.000065
0.000064
0.000067
0.000077
0.000072
0.000112
0.000061
0.000066
0.000065
0.000066
0.000065
0.000064
0.000894
0.000654
0.000929
0.000986
0.000916
0.000954
0.001000
0.000929
0.000697
0.000574
0.000651
0.000275
0.000546
0.000961
0.000603
0.000871
0.000389
0.000967
0.000500
0.000467
0.000410
0.000385
0.000331
0.000531
0.000982
0.001202
0.001879
0.001482
0.001212
0.001071
0.000784
0.000906
0.001209
0.000314
0.000708
0.001834
0.001300
0.000763
0.000709
0.000991
0.001230
0.000647
0.001866
0.001943
0.001607
0.000574
0.000597
0.000568
0.001727
0.001112
0.001254
0.001062
0.000896
0.001313
0.001553
0.001349
0.001113
0.001157
0.001083
0.000830
0.000960
0.000965
0.000921
0.000635
0.000670
0.000830
0.001632
0.000372
0.000671
0.000608
0.000707
0.001750
0.001791
0.000419
0.000145
