0.001739
0.003478
0.003665
0.004246
0.003932
0.004386
0.004296
0.003579
0.004284
0.004236
0.003954
0.003260
0.003758
0.003762
0.003434
0.004459
0.004344
0.004328
0.005203
0.005042
0.005007
0.006088
0.006029
0.005863
0.007842
0.006444
0.008558
0.008058
0.006684
0.008308
0.008745
0.008740
0.008627
0.008605
0.008816
0.009101
0.008510
0.008748
0.007499
0.008706
0.008552
0.009366
0.009602
0.009147
0.010363
0.011701
0.010006
0.010535
0.010645
0.014533
0.000033
0.000146
0.001796
0.001174
0.001651
0.001637
0.001446
0.001122
0.001662
0.001499
0.001427
0.001278
0.001409
0.001700
0.001302
0.002151
0.001321
0.001305
0.001296
0.001346
0.001224
0.001202
0.001173
0.001149
0.001147
0.004330
0.009007
0.009256
0.009027
0.009174
0.008946
0.009260
0.009238
0.008946
0.009233
0.009096
0.006826
0.006560
0.008444
0.009718
0.010694
0.010210
0.009980
0.010871
0.010824
0.010690
0.011487
0.012858
0.009013
0.014459
0.006205
0.007183
0.008927
0.008523
0.007626
0.007781
0.007954
0.007286
0.008831
0.007683
0.006535
0.009040
0.008468
0.007779
0.008848
0.009261
0.007506
0.006952
0.007091
0.006101
0.005563
0.005434
0.009530
0.009464
0.009301
