0.001951
0.002199
0.002111
0.002001
0.002144
0.002140
0.001911
0.001420
0.001274
0.001257
0.001371
0.000666
0.000838
0.001182
0.000590
0.000663
0.000740
0.000659
0.000508
0.000346
0.002585
0.001702
0.000281
0.000282
0.000089
0.000449
0.000401
0.000514
0.000662
0.000744
0.000527
0.000685
0.001128
0.000860
0.000703
0.000552
0.000468
0.000453
0.000735
0.000740
0.000442
0.000465
0.000790
0.000291
0.000263
0.000521
0.000278
0.000166
0.000145
0.000110
0.000475
0.000592
0.000561
0.000616
0.001062
0.001044
0.000959
0.001012
0.001250
0.000758
0.000721
0.000744
0.000910
0.000425
0.000457
0.000513
0.001198
0.000764
0.000880
0.000462
0.000366
0.000469
0.000338
0.000301
0.000198
0.006481
0.006430
0.006526
0.006330
0.006831
0.006656
0.006611
0.006767
0.005993
0.006279
0.006667
0.006496
0.006367
0.006335
0.006270
0.006503
0.006945
0.006875
0.006826
0.005674
0.006289
0.006183
0.005888
0.005442
0.006262
0.000780
0.001493
0.001027
0.000459
0.001194
0.000693
0.000956
0.001665
0.001515
0.001623
0.001769
0.000827
0.000951
0.001840
0.000264
0.000345
0.001167
0.001853
0.000555
0.001987
0.000747
0.000443
0.000802
0.000484
0.000278
