0.000927
0.001005
0.000859
0.001003
0.000841
0.001292
0.000762
0.005201
0.004699
0.005139
0.004754
0.003864
0.004067
0.003782
0.004611
0.004136
0.003772
0.000041
0.004734
0.005648
0.005079
0.004638
0.005370
0.005241
0.005515
0.000487
0.000365
0.000531
0.000554
0.000368
0.000446
0.000342
0.000223
0.000327
0.000231
0.000135
0.000071
0.000076
0.000090
0.000072
0.000080
0.003593
0.000165
0.000924
0.000653
0.000635
0.001087
0.000083
0.001069
0.018930
0.000811
0.000867
0.000588
0.000919
0.000825
0.000688
0.000724
0.000651
0.000614
0.000536
0.000511
0.000531
0.000450
0.000677
0.000508
0.000347
0.000611
0.000412
0.000251
0.000313
0.000099
0.000238
0.000126
0.000057
0.000151
0.000811
0.000331
0.000795
0.000700
0.001070
0.000695
0.000955
0.000355
0.000854
0.000710
0.000690
0.000596
0.000854
0.000657
0.000825
0.000186
0.000308
0.000363
0.000259
0.000227
0.000578
0.000100
0.000162
0.000223
0.000134
0.000246
0.001241
0.001314
0.001139
0.000906
0.001069
0.000852
0.000849
0.001260
0.000723
0.001276
0.000752
0.000502
0.000699
0.000469
0.000404
0.000907
0.000192
0.001044
0.000330
0.000325
0.000303
0.000577
0.000804
0.000050
