0.007732
0.008363
0.008271
0.008159
0.008181
0.008004
0.008003
0.007747
0.007474
0.007310
0.007238
0.007134
0.006697
0.006568
0.006509
0.006328
0.006127
0.005949
0.005774
0.005606
0.005167
0.004442
0.004152
0.004216
0.004286
0.001169
0.001195
0.001317
0.001190
0.000942
0.000308
0.001807
0.001579
0.001447
0.001523
0.001758
0.001305
0.002014
0.001409
0.001172
0.001225
0.001219
0.001024
0.000993
0.001010
0.000947
0.001170
0.001216
0.002696
0.001259
0.001278
0.001084
0.000205
0.001627
0.001534
0.001559
0.001298
0.000288
0.001587
0.001473
0.001420
0.001231
0.001483
0.001284
0.001143
0.001139
0.001139
0.001163
0.001190
0.001200
0.001097
0.001093
0.001011
0.002381
0.001031
0.001318
0.000173
0.000306
0.001845
0.001395
0.001436
0.001477
0.000433
0.001393
0.001187
0.001344
0.001210
0.001252
0.000433
0.001923
0.001157
0.001062
0.001164
0.000972
0.000840
0.002025
0.001958
0.000782
0.000788
0.001864
0.001200
0.000124
0.000223
0.001021
0.001638
0.001011
0.001097
0.001056
0.001348
0.001596
0.000921
0.001430
0.001006
0.001816
0.001115
0.000984
0.001003
0.001978
0.000974
0.001006
0.001043
0.001070
0.002194
0.001137
0.001193
