0.001533
0.001688
0.001708
0.001604
0.001902
0.001872
0.001711
0.001749
0.001732
0.001838
0.001813
0.001184
0.000930
0.001513
0.000690
0.000723
0.000132
0.000894
0.000596
0.000427
0.000250
0.000530
0.000629
0.000412
0.000682
0.000376
0.000809
0.000915
0.000324
0.000885
0.000727
0.000779
0.000581
0.000417
0.000285
0.000258
0.000651
0.000595
0.000302
0.000305
0.000098
0.000821
0.000169
0.000192
0.000128
0.000092
0.000090
0.000236
0.000066
0.000043
0.000482
0.000707
0.000688
0.000121
0.000478
0.000662
0.000383
0.000680
0.000539
0.000766
0.000786
0.000484
0.000822
0.000570
0.000622
0.000616
0.000403
0.000330
0.000276
0.000180
0.000300
0.000245
0.000489
0.000268
0.000256
0.001682
0.001765
0.001452
0.001326
0.001661
0.001319
0.000782
0.001195
0.001224
0.001459
0.000982
0.001650
0.001231
0.001306
0.001738
0.001391
0.000677
0.000800
0.000353
0.000346
0.000340
0.000143
0.000511
0.001423
0.000223
0.000691
0.000750
0.000490
0.000713
0.000693
0.000599
0.000580
0.000478
0.000501
0.000610
0.000531
0.000442
0.000631
0.000372
0.000496
0.000781
0.000469
0.000602
0.000400
0.000244
0.000300
0.000192
0.000526
0.000143
0.000137
