0.002122
0.001217
0.001126
0.001713
0.001949
0.001991
0.001562
0.000827
0.000560
0.002509
0.001085
0.002244
0.002390
0.000497
0.002617
0.002381
0.000700
0.000404
0.000216
0.000777
0.000307
0.000158
0.001015
0.002410
0.000608
0.000292
0.000327
0.000202
0.000247
0.000185
0.000423
0.000319
0.000177
0.000139
0.000084
0.000058
0.000053
0.000070
0.000084
0.000040
0.000071
0.000071
0.000082
0.000069
0.000086
0.000083
0.000078
0.000077
0.000083
0.000086
0.000544
0.003286
0.000674
0.001151
0.001155
0.000731
0.000672
0.000210
0.000202
0.000808
0.001220
0.001421
0.000859
0.001011
0.000799
0.000452
0.000122
0.000237
0.000308
0.000441
0.000599
0.000767
0.000886
0.000065
0.000589
0.000974
0.000989
0.000593
0.000764
0.000987
0.001007
0.000624
0.000819
0.000492
0.000470
0.000499
0.001360
0.000145
0.001069
0.000458
0.001415
0.000048
0.000429
0.000352
0.000304
0.001499
0.002915
0.003170
0.002891
0.002984
0.000487
0.000351
0.000126
0.000130
0.000332
0.000352
0.000203
0.000198
0.000172
0.000383
0.000448
0.000303
0.000263
0.000231
0.000421
0.000413
0.000217
0.000108
0.000163
0.000218
0.000037
0.000086
0.000177
0.000135
0.000124
