0.004111
0.004496
0.004704
0.005087
0.005066
0.004976
0.004932
0.004653
0.004444
0.004363
0.004261
0.004122
0.003639
0.003561
0.003264
0.003219
0.002597
0.002480
0.002322
0.002095
0.002016
0.001753
0.001652
0.001308
0.001517
0.001562
0.001236
0.000569
0.001713
0.000385
0.001269
0.000393
0.001157
0.001225
0.001256
0.001698
0.000515
0.001176
0.001240
0.000869
0.001875
0.001181
0.000934
0.000958
0.000805
0.001031
0.002014
0.001919
0.002051
0.002164
0.006586
0.006692
0.006782
0.006184
0.003284
0.002185
0.006645
0.006483
0.007037
0.006646
0.006844
0.006336
0.006492
0.007115
0.006744
0.003294
0.006097
0.006351
0.006278
0.006933
0.006891
0.004384
0.005822
0.005047
0.003637
0.006612
0.008050
0.008422
0.006196
0.007614
0.006021
0.007549
0.008120
0.007993
0.007512
0.008358
0.005630
0.008480
0.008371
0.008147
0.008653
0.007412
0.007307
0.007181
0.007045
0.006890
0.008659
0.006655
0.006082
0.008546
0.001326
0.001380
0.001483
0.001239
0.000231
0.001586
0.001083
0.001115
0.001067
0.001065
0.001428
0.001487
0.001431
0.001009
0.001244
0.001019
0.000872
0.001022
0.000843
0.000822
0.000875
0.000835
0.000916
0.001932
0.000723
