0.000714
0.001724
0.000911
0.000929
0.001028
0.002010
0.001717
0.000664
0.001977
0.001355
0.000839
0.002157
0.001810
0.000725
0.000759
0.001613
0.001312
0.000489
0.000753
0.000407
0.000142
0.000237
0.000496
0.000104
0.000910
0.000632
0.000514
0.000604
0.000191
0.000217
0.000200
0.000760
0.000672
0.000974
0.000459
0.000505
0.000503
0.000381
0.000299
0.000149
0.000416
0.000244
0.001337
0.000300
0.000152
0.000390
0.000203
0.000681
0.000171
0.000064
0.008541
0.006802
0.009552
0.005412
0.009974
0.010833
0.011368
0.006168
0.005787
0.007059
0.006023
0.010316
0.010865
0.009292
0.011133
0.005895
0.011117
0.009883
0.005074
0.008729
0.011338
0.010502
0.014622
0.010862
0.017519
0.000733
0.000689
0.000808
0.000625
0.000431
0.000468
0.000969
0.000336
0.001035
0.000257
0.000316
0.000982
0.000568
0.000350
0.000346
0.000230
0.000389
0.000323
0.000301
0.000245
0.000220
0.000154
0.000253
0.000323
0.000408
0.000827
0.001106
0.000956
0.001315
0.000839
0.000490
0.000470
0.001082
0.001277
0.000519
0.000978
0.000518
0.001646
0.000791
0.001094
0.000568
0.000201
0.000268
0.000694
0.000125
0.000094
0.001128
0.000518
0.000582
0.000661
