rate is : 100
0.000379 0.008191
0.000429 0.008185
0.000359 0.008255
0.000514 0.008119
0.000682 0.007962
0.001061 0.007601
0.000449 0.009051
0.000693 0.008823
0.001249 0.008284
0.001518 0.009014
0.007730 0.173552
0.001546 0.009019
0.008338 0.245967
0.001112 0.010479
0.001799 0.012805
0.002038 0.012587
0.001879 0.012766
0.002105 0.012555
0.002167 0.013510
0.001653 0.017034
0.001759 0.016946
0.002428 0.017292
0.002549 0.017191
0.002460 0.017295
0.002604 0.017170
0.002663 0.017126
0.002252 0.017550
0.002891 0.021917
0.002986 0.021837
0.003155 0.021687
0.003116 0.021741
0.003256 0.022620
0.002800 0.026080
0.002854 0.026046
0.003336 0.025586
0.003461 0.025482
0.003536 0.026423
0.003581 0.026399
0.003635 0.026358
0.003699 0.027313
0.004052 0.029978
0.004155 0.029895
0.004248 0.029824
0.004312 0.030780
0.004340 0.030772
0.003968 0.034153
0.003867 0.034275
0.003899 0.035261
0.004457 0.034723
0.004506 0.034694
0.004613 0.034607
0.004647 0.034589
0.004732 0.035522
0.005017 0.039250
0.005122 0.039166
0.005191 0.039118
0.005266 0.039064
0.005322 0.040027
0.004880 0.042485
0.004916 0.043466
0.004957 0.043446
0.005379 0.043046
0.005594 0.043847
0.005624 0.043837
0.005670 0.043811
0.005747 0.044881
0.006032 0.050623
0.005903 0.050769
0.006165 0.053089
0.006315 0.052955
0.006393 0.055883
0.006269 0.063166
0.005934 0.066664
0.005977 0.066640
0.006453 0.066179
0.006599 0.066978
0.006770 0.073903
0.006674 0.078838
0.006523 0.083931
0.007147 0.088677
0.006848 0.106778
0.007080 0.113268
0.006993 0.113380
0.007261 0.128231
0.007366 0.134082
0.007615 0.141310
0.007536 0.141891
0.007641 0.166988
0.001418 0.009126
0.007820 0.189381
0.007915 0.189286
0.007953 0.197822
0.007331 0.198459
0.008021 0.198473
0.008229 0.212920
0.008262 0.220512
0.008450 0.271870
0.008359 0.272044
0.001160 0.009420
0.008091 0.423310
0.431509 0.000720
0.431537 0.000706
0.431647 0.000610
0.431711 0.000560
0.431346 0.001043
0.431528 0.000972
0.431519 0.000994
0.431611 0.000917
0.431721 0.000817
0.431783 0.000767
0.431545 0.001017
0.431815 0.000760
0.432323 0.000265
0.432443 0.000159
0.432079 0.000538
0.431853 0.000778
0.431863 0.000783
0.431904 0.000758
0.431897 0.000824
0.432796 0.000247
0.432944 0.000356
0.433235 0.000204
0.433101 0.000386
0.433366 0.000256
0.433549 0.000203
0.433685 0.000302
0.433808 0.000196
0.433924 0.000399
0.434112 0.000344
0.434252 0.000222
0.434390 0.000381
0.434515 0.000458
0.434706 0.000454
0.434818 0.000464
0.435067 0.000231
0.435219 0.000250
0.435368 0.000265
0.435563 0.000267
0.435693 0.000151
0.435777 0.000371
0.435892 0.000282
0.436037 0.000269
0.436369 0.000171
0.436234 0.000321
0.436477 0.000196
0.436614 0.000313
0.436737 0.000206
0.436854 0.000215
0.437005 0.000316
0.437129 0.000209
0.437254 0.000218
0.437398 0.000206
0.437535 0.000199
0.437668 0.000314
0.437794 0.000205
0.437914 0.000219
0.438062 0.000197
0.438193 0.000195
0.438443 0.000065
0.438310 0.000211
0.438610 0.000235
0.438754 0.000232
0.438915 0.000206
0.439051 0.000203
0.439179 0.000092
0.439373 0.000094
0.439625 0.000106
0.439825 0.000088
0.440041 0.000553
0.440317 0.000436
0.440511 0.000262
0.440666 0.000257
0.440844 0.000237
0.440996 0.000239
0.441159 0.000360
0.441299 0.000240
0.441436 0.000126
0.441710 0.000249
0.441877 0.000239
0.442031 0.000222
0.442179 0.000445
0.442337 0.000310
0.442494 0.000295
0.442717 0.000195
0.442850 0.000187
0.442968 0.000207
0.443103 0.000197
0.443238 0.000193
0.443358 0.000211
0.443499 0.000197
0.443632 0.000190
0.443764 0.000177
0.443876 0.000182
0.443990 0.000201
0.444124 0.000201
0.444254 0.000217
0.444539 0.000198
0.444391 0.000364
0.444664 0.002233
0.444848 0.002065
7.054609 0.012878
7.055162 0.012342
7.060173 0.007343
7.061083 0.006442
7.055272 0.012443
7.055338 0.012423
7.058684 0.009094
7.059534 0.008254
7.061235 0.006570
7.055585 0.012234
7.063183 0.004652
7.055655 0.012206
7.055864 0.012224
7.056361 0.011744
7.057839 0.010281
7.054638 0.013493
7.058030 0.010284
7.056210 0.012220
7.056011 0.012432
7.054805 0.013656
7.057584 0.010889
7.058365 0.010122
7.054861 0.013639
7.058915 0.009597
7.054913 0.013726
7.061962 0.006728
7.055084 0.013619
7.061398 0.007334
7.055198 0.013711
7.059797 0.009220
7.054950 0.014083
7.055001 0.014049
7.060923 0.008140
7.062306 0.006771
7.055244 0.013846
7.062454 0.006651
7.055338 0.013902
7.067612 0.001644
7.067920 0.001347
7.068027 0.001333
7.068184 0.001227
7.055461 0.014080
7.055757 0.013801
7.055742 0.013827
7.067413 0.002168
7.068370 0.001221
7.068567 0.001070
7.068788 0.000860
7.068951 0.000840
7.069470 0.000447
7.069173 0.000876
7.069326 0.000740
7.069719 0.000623
7.069978 0.000374
7.070128 0.000238
7.070227 0.000271
7.069852 0.000663
7.070428 0.000240
7.070577 0.000288
7.070718 0.000336
7.070989 0.000317
7.071121 0.000201
7.071240 0.000206
7.071383 0.000186
7.071509 0.000295
7.071632 0.000182
7.071739 0.000201
7.071870 0.000203
7.072004 0.000205
7.072138 0.000294
7.072280 0.000226
7.072392 0.000309
7.072554 0.000344
7.072827 0.000219
7.072950 0.000251
7.073102 0.000225
7.073257 0.000238
7.073387 0.000277
7.073559 0.000122
7.073828 0.000263
7.073994 0.000253
7.074167 0.000231
7.074321 0.000209
7.074458 0.000215
7.074600 0.000202
7.074727 0.000240
7.074874 0.000248
7.075056 0.000395
7.075353 0.000287
7.075211 0.000443
7.075575 0.000277
7.075750 0.000298
7.075951 0.000212
7.076106 0.000199
7.076216 0.000422
7.076367 0.000287
7.076539 0.000251
7.076716 0.000088
7.076885 0.001117
7.077072 0.000977
16.907862 0.018555
16.909268 0.017257
16.910626 0.015945
16.911745 0.014841
16.907329 0.019284
16.907857 0.018756
16.907833 0.018825
16.908886 0.017795
16.911155 0.015539
16.908106 0.018604
16.908204 0.018522
16.910583 0.016155
16.908790 0.018072
16.907522 0.019354
16.908849 0.018037
16.908576 0.018324
16.912012 0.015004
16.908395 0.018632
16.907463 0.019579
16.912144 0.014910
16.908919 0.018145
16.918197 0.008882
16.920218 0.006876
16.907684 0.019429
16.907784 0.019480
16.909690 0.017591
16.909253 0.018044
16.909431 0.017883
16.918382 0.008949
16.909165 0.018183
16.909143 0.018217
16.909220 0.018162
16.909529 0.017981
16.907845 0.019681
16.907952 0.019591
16.910135 0.017420
16.911374 0.016196
16.920741 0.006973
16.911681 0.016049
16.911905 0.015842
16.907998 0.019763
16.910339 0.017436
16.908067 0.019758
16.910502 0.017384
16.912339 0.015561
16.913096 0.014949
16.912569 0.015493
16.913567 0.014511
16.915594 0.012559
16.908761 0.019410
16.916252 0.011938
16.916996 0.011207
16.913863 0.014559
16.908431 0.020041
16.908844 0.019645
16.914228 0.014278
16.916855 0.011668
16.918047 0.010487
16.918579 0.009972
16.918277 0.010290
16.909749 0.018979
16.920522 0.008221
16.910226 0.018533
16.926483 0.002288
16.908996 0.019874
16.909352 0.019566
16.909343 0.019592
16.918737 0.010213
16.926800 0.002166
16.926955 0.002028
16.927442 0.001556
16.927206 0.001809
16.928826 0.000357
16.927640 0.001561
16.928258 0.000959
16.927995 0.001234
16.928631 0.000609
16.929076 0.000176
16.929350 0.000209
16.929464 0.000234
16.929632 0.000083
16.929778 0.000069
16.929928 0.000096
16.930097 0.000245
16.930238 0.000231
16.930401 0.000206
16.930531 0.000094
16.930686 0.000073
16.930815 0.000189
16.930935 0.000086
16.931078 0.000249
16.931176 0.000166
16.931487 0.000093
16.931643 0.000076
16.931811 0.000090
16.931998 0.000084
16.932154 0.000085
16.932306 0.000075
16.932454 0.000194
16.932576 0.000117
26.354452 0.028346
26.354323 0.028492
26.372482 0.010351
26.378650 0.004232
26.354222 0.028714
26.354598 0.028358
26.378023 0.004952
26.355203 0.027822
26.354534 0.028510
26.379142 0.003920
26.379729 0.003356
26.380058 0.003043
26.355581 0.027536
26.356051 0.027115
26.357095 0.026090
26.357108 0.026094
26.355379 0.027841
26.355459 0.027816
26.355843 0.027447
26.358224 0.025083
26.356084 0.027272
26.355973 0.027430
26.358159 0.025262
26.358127 0.025310
26.359304 0.024184
26.359433 0.024111
26.359689 0.023907
26.360131 0.023518
26.359028 0.024673
26.358783 0.024936
26.359124 0.024614
26.360401 0.023390
26.359527 0.024315
26.360837 0.023023
26.361708 0.022203
26.363355 0.020575
26.365815 0.018140
26.369624 0.014354
26.369494 0.014509
26.369360 0.014717
26.363963 0.020132
26.363817 0.020297
26.364060 0.020073
26.370178 0.013979
26.367724 0.016452
26.370981 0.013213
26.370807 0.013413
26.370589 0.013645
26.371399 0.012858
26.372412 0.011871
26.377601 0.006701
26.377820 0.006500
26.354364 0.029973
26.371609 0.012744
26.371220 0.013152
26.354288 0.030102
26.354598 0.029810
26.377885 0.006541
26.354815 0.029633
26.355036 0.029429
26.378981 0.005508
26.379252 0.005255
26.379483 0.005078
26.379586 0.004999
26.355524 0.029084
26.379877 0.004754
26.380278 0.004409
26.355459 0.029247
26.379353 0.005374
26.355091 0.029661
26.355528 0.029244
26.358325 0.026471
26.355635 0.029185
26.384965 0.000131
26.385191 0.000337
26.385400 0.000376
26.385670 0.000494
26.385861 0.000327
26.386061 0.000310
26.386269 0.000293
26.386465 0.000116
26.386694 0.000221
26.386861 0.000115
26.387067 0.000235
26.387226 0.000184
26.387383 0.000134
26.387570 0.000091
26.387752 0.000085
26.387940 0.000227
26.388114 0.000120
26.388334 0.000300
26.388516 0.000141
26.388746 0.000239
26.388903 0.000238
26.389061 0.000266
26.389235 0.000111
26.389428 0.000088
26.389595 0.000085
26.389757 0.000072
26.389905 0.000144
32.227263 0.026714
32.229708 0.024318
32.244218 0.009823
32.227735 0.026317
32.227163 0.026904
32.227504 0.026613
32.227369 0.026763
32.237623 0.016523
32.227806 0.026391
32.227903 0.026306
32.245362 0.008892
32.228032 0.026235
32.229260 0.025021
32.228627 0.025705
32.228746 0.025631
32.249461 0.004932
32.245937 0.008508
32.228199 0.026260
32.228327 0.026149
32.228613 0.025878
32.229048 0.025491
32.249559 0.004997
32.230625 0.023980
32.230496 0.024166
32.232147 0.022532
32.231879 0.022851
32.227163 0.027583
32.227353 0.027438
32.231474 0.023337
32.231232 0.023595
32.249789 0.005053
32.231718 0.023139
32.235747 0.019128
32.235938 0.018952
32.236248 0.018657
32.236647 0.018274
32.242702 0.012235
32.243257 0.011693
32.243468 0.011530
32.243399 0.011648
32.237149 0.017948
32.236883 0.018229
32.243024 0.012103
32.227544 0.027633
32.227671 0.027554
32.227671 0.027578
32.227852 0.027412
32.244517 0.010762
32.247065 0.008266
32.228521 0.026824
32.228949 0.026409
32.229064 0.026311
32.244834 0.010556
32.227946 0.027493
32.246149 0.009305
32.246785 0.008685
32.249594 0.005892
32.230592 0.024910
32.231429 0.024122
32.232897 0.022672
32.234899 0.020686
32.233753 0.021846
32.255708 0.000100
32.255941 0.000261
32.256120 0.000098
32.256334 0.000257
32.256497 0.000298
32.256661 0.000319
32.256877 0.000253
32.257057 0.000255
32.257202 0.000514
32.257414 0.000314
32.257604 0.000307
32.257798 0.000347
32.258020 0.000312
32.258249 0.000239
32.258628 0.000078
32.258402 0.000317
32.258818 0.000389
32.258969 0.000254
32.259118 0.000266
32.259303 0.000253
32.259478 0.000270
32.259637 0.000381
32.259818 0.000214
32.259944 0.000387
32.260262 0.000197
32.260113 0.000359
32.260392 0.000329
32.260537 0.000196
32.260653 0.000234
32.260814 0.000201
32.260948 0.000321
32.261084 0.000195
32.261204 0.000391
32.261341 0.000266
32.261527 0.000465
32.261784 0.000248
32.261672 0.000398
32.261922 0.002150
40.740469 0.028924
40.768831 0.000586
40.733552 0.036028
40.733676 0.035928
40.734580 0.035192
40.734997 0.034795
40.750650 0.019156
40.770148 0.070093
40.743709 0.026180
40.740897 0.029116
40.771717 0.124570
40.735446 0.034956
40.735152 0.035304
40.735959 0.034640
40.735734 0.034918
40.746800 0.023874
40.733799 0.037011
40.735710 0.035118
40.735572 0.035271
40.735838 0.035023
40.736124 0.035125
40.735893 0.035510
40.736294 0.035123
40.735855 0.035629
40.736134 0.035489
40.734215 0.037431
40.753070 0.018664
40.737328 0.034501
40.736410 0.035437
40.737018 0.034845
40.754643 0.017477
40.736587 0.035555
40.737835 0.034329
40.736757 0.035427
40.737193 0.035019
40.738724 0.033509
40.737257 0.035002
40.734356 0.037928
40.737494 0.034813
40.756878 0.015449
40.758852 0.013491
40.734495 0.037868
40.747215 0.025166
40.754541 0.017859
40.739394 0.033025
40.739172 0.033267
40.734586 0.037874
40.734766 0.037717
40.734815 0.037688
40.742221 0.030303
40.734842 0.037716
40.735259 0.037333
40.746454 0.026164
40.743674 0.028961
40.742741 0.029912
40.735036 0.037635
40.735197 0.037488
40.746007 0.026690
40.747836 0.024879
40.735704 0.037025
40.735563 0.037193
40.737229 0.035550
40.750569 0.022237
40.736629 0.036199
40.766964 0.005887
40.751498 0.021371
40.735993 0.036890
40.736134 0.036761
40.737134 0.035778
40.737705 0.035224
40.753468 0.019476
40.738833 0.034130
40.754203 0.018779
40.737940 0.035057
40.738859 0.034156
40.756323 0.016712
40.738771 0.035705
40.758459 0.016041
40.759059 0.016456
40.743842 0.035877
40.739172 0.042558
40.766442 0.020922
40.769485 0.017893
40.766889 0.023516
40.765536 0.028400
40.769684 0.032215
40.769188 0.032755
40.769310 0.037225
40.770290 0.041247
40.769972 0.053766
40.771547 0.074657
40.770529 0.081665
40.770738 0.087338
40.770981 0.087923
40.771150 0.095412
40.771322 0.100649
40.772049 0.133343
40.771928 0.143686
40.738177 0.031653
40.733676 0.036547
51.977583 0.002693
51.977611 0.002683
51.977454 0.002861
51.977728 0.002615
51.977806 0.002537
51.980007 0.000359
51.977512 0.002878
51.977533 0.002883
51.977981 0.002455
51.977825 0.002632
51.978013 0.002456
51.977597 0.002885
51.977999 0.002504
51.978176 0.002346
51.978202 0.002373
51.978324 0.002271
51.978229 0.002386
51.978373 0.002258
51.978386 0.002269
51.978524 0.002151
51.978216 0.002482
51.978191 0.002530
51.978474 0.002265
51.978630 0.002127
51.978704 0.002071
51.978579 0.002218
51.978716 0.002133
51.978738 0.002169
51.978910 0.002052
51.978960 0.002024
51.979055 0.001949
51.979006 0.002019
51.979142 0.001938
51.979095 0.002040
51.978727 0.002431
51.979155 0.002058
51.978870 0.002362
51.979205 0.002052
51.979291 0.001986
51.979386 0.001944
51.979493 0.001859
51.979503 0.001902
51.979514 0.001913
51.979656 0.001791
51.979610 0.001858
51.979708 0.001783
51.979796 0.001716
51.979846 0.001689
51.979600 0.001976
51.979524 0.002056
51.979893 0.001707
51.979904 0.001717
51.979916 0.001723
51.979998 0.001668
51.977482 0.004204
51.981963 0.000261
51.981796 0.000455
51.982122 0.000346
51.982362 0.000367
51.982568 0.000358
51.982712 0.000265
51.982874 0.000258
51.983048 0.000141
51.983301 0.000232
51.983443 0.000415
51.983762 0.000243
51.983605 0.000418
51.983929 0.000227
51.984086 0.000214
51.984226 0.000228
51.984360 0.000465
51.984620 0.000220
51.984508 0.000438
51.984754 0.000239
51.984903 0.000231
51.985199 0.000194
51.985055 0.000429
51.985446 0.000207
51.985325 0.000352
51.985583 0.000335
51.985732 0.000343
51.985851 0.000243
51.985992 0.000121
51.986210 0.000393
51.986371 0.000259
51.986513 0.000314
51.986730 0.000282
51.986930 0.000380
51.987083 0.000275
51.987233 0.000330
51.987498 0.000357
51.987624 0.000398
51.987941 0.000094
51.987775 0.000277
51.988134 0.000201
51.988262 0.000123
51.988455 0.000076
51.988603 0.000105
51.988808 0.000085
51.988984 0.000121
53.635867 0.000341
53.636051 0.000178
53.635941 0.000311
53.636064 0.000208
53.635927 0.000410
53.636008 0.000329
53.636464 0.000102
53.636658 0.000131
53.636940 0.000135
53.637171 0.000108
53.637419 0.000103
53.637602 0.000088
53.637817 0.000110
53.638010 0.000228
53.638152 0.000103
53.638351 0.000089
53.638515 0.000077
53.638700 0.000103
53.638886 0.000090
53.639093 0.000263
53.639268 0.000106
53.639458 0.000086
53.639642 0.000205
53.639799 0.000239
53.639959 0.000241
53.640112 0.000248
53.640276 0.000247
53.640439 0.000240
53.640598 0.000239
53.640754 0.000239
53.640908 0.000231
53.641064 0.000225
53.641215 0.000211
53.641357 0.000248
53.641530 0.000215
53.641678 0.000319
53.641816 0.000195
53.641925 0.000216
53.642075 0.000201
53.642204 0.000120
53.642431 0.000236
53.642575 0.000243
53.642742 0.000241
53.642889 0.000311
53.643101 0.000266
53.643281 0.000254
53.643448 0.000106
53.643658 0.000102
53.643854 0.000247
53.644003 0.000261
53.644180 0.000233
53.644337 0.000269
53.644521 0.000243
53.644683 0.000243
53.644842 0.000250
53.645007 0.000239
53.645166 0.000224
53.645318 0.000221
53.645462 0.000233
53.645613 0.000239
53.645771 0.000239
53.645928 0.000236
53.646083 0.000242
53.646244 0.000241
53.646402 0.000239
53.646558 0.000232
53.646712 0.000094
53.646976 0.000391
53.647127 0.000290
53.647288 0.000465
53.647506 0.000295
53.647670 0.000310
53.647906 0.000408
53.648083 0.000247
53.648235 0.000324
53.648416 0.000464
53.648660 0.000234
53.648808 0.000267
53.649000 0.000203
53.649259 0.000231
53.649140 0.000364
53.649565 0.000288
53.649382 0.000486
53.649710 0.000498
53.649998 0.000226
53.650124 0.000454
53.650292 0.000433
53.650444 0.000399
53.650650 0.000406
53.650797 0.000473
53.650946 0.000340
53.651157 0.000337
53.651412 0.000262
53.651567 0.000239
53.651740 0.000196
53.651871 0.000082
53.652032 0.000210
53.652161 0.000218
53.652309 0.000297
53.652449 0.000211
53.652566 0.000253
53.652739 0.000238
53.652898 0.000225
53.653047 0.000223
53.653190 0.000226
53.653343 0.000216
53.653483 0.000218
53.653629 0.000203
53.653765 0.000221
53.653904 0.000243
53.654064 0.000100
53.654259 0.000265
53.654439 0.000264
53.654595 0.000358
53.654769 0.000199
53.654883 0.000215
53.655031 0.000363
53.655171 0.000240
53.655311 0.000249
53.655479 0.000349
53.655633 0.000350
53.655896 0.000257
53.655757 0.000411
53.656082 0.000216
53.656370 0.000199
53.656233 0.000354
53.656663 0.000077
53.656495 0.000258
53.656870 0.000269
53.657032 0.000346
53.657273 0.000289
53.657636 0.000203
53.657472 0.000382
53.657761 0.000484
53.657925 0.000337
53.658156 0.000254
53.658336 0.000205
53.658469 0.000199
53.658598 0.000218
53.658742 0.000223
53.658890 0.000224
53.659040 0.000323
53.659290 0.000090
53.659171 0.000224
53.659492 0.000109
53.659729 0.000115
53.659920 0.000107
53.660112 0.000115
53.660345 0.000102
53.660553 0.000081
53.660704 0.000117
53.660898 0.000078
53.661052 0.000213
53.661189 0.000227
53.661339 0.000095
53.661519 0.000080
53.661669 0.000099
53.661859 0.000104
53.662078 0.000170
53.662208 0.000100
53.662418 0.000108
53.662646 0.000120
53.662866 0.000095
53.663049 0.000121
53.663286 0.000084
53.663443 0.000107
53.663672 0.000095
53.663859 0.000101
53.664045 0.000083
53.664238 0.000096
53.664424 0.000106
53.664649 0.000113
53.664857 0.000093
53.665026 0.000078
53.665167 0.000076
53.665318 0.000224
53.665458 0.000101
