rate is : 10
0.000217 0.001329
0.000366 0.001208
0.000277 0.006080
0.001104 0.005298
0.000606 0.005821
0.001098 0.005342
0.000461 0.008027
0.000867 0.011675
0.000394 0.017672
0.001221 0.016860
3.772463 0.000410
3.772546 0.000359
3.772440 0.002600
3.772452 0.002609
3.772498 0.002617
3.772398 0.002739
3.772409 0.002739
3.772533 0.002632
3.772673 0.002502
3.772665 0.003536
13.460630 0.000499
13.460599 0.000549
13.460648 0.000538
13.460748 0.000452
13.460791 0.000429
13.460736 0.000500
13.460834 0.002379
13.460612 0.002622
13.461015 0.003443
13.461024 0.005427
23.165106 0.000149
23.164844 0.000450
23.164775 0.002491
23.165097 0.002184
23.164912 0.002418
23.164857 0.002496
23.164796 0.002580
23.165118 0.002273
23.164899 0.003510
23.164808 0.003622
32.870114 0.000522
32.870507 0.000162
32.870128 0.002186
32.870143 0.002190
32.870262 0.002092
32.870200 0.002173
32.870495 0.001888
32.870521 0.001880
32.870250 0.002165
32.870151 0.003313
42.507997 0.000440
42.508059 0.000390
42.507916 0.000543
42.507936 0.000588
42.508044 0.000496
42.508386 0.000169
42.507903 0.002135
42.507985 0.002066
42.508109 0.001953
42.508197 0.003874
52.054910 0.000483
52.055026 0.000386
52.054936 0.000496
52.055266 0.000187
52.055276 0.000235
52.054880 0.000651
52.054894 0.002593
52.055255 0.002322
52.054921 0.002656
52.055039 0.003556
61.392167 0.000471
61.392177 0.000495
61.392256 0.000433
61.392241 0.000501
61.392352 0.000409
61.392366 0.000415
61.392307 0.002048
61.392459 0.001918
61.392195 0.002193
61.392448 0.001955
71.081630 0.000477
71.081878 0.000314
71.081667 0.000525
71.081791 0.000421
71.081645 0.000584
71.081905 0.000336
71.081892 0.001387
71.081915 0.001379
71.081613 0.001696
71.081656 0.001671
80.662824 0.000533
80.662811 0.000563
80.662838 0.000576
80.662951 0.000544
80.663263 0.000284
80.662968 0.000595
80.663019 0.000692
80.663033 0.000729
80.662981 0.000801
80.663252 0.000546
