rate is : 120
0.000245 0.010541
0.000438 0.010372
0.000345 0.010480
0.001164 0.009722
0.000310 0.011619
0.000406 0.011573
0.000776 0.011220
0.000434 0.011580
0.001221 0.011804
0.001276 0.011763
0.001452 0.011647
0.001508 0.011611
0.002170 0.018399
0.002096 0.018486
0.001970 0.018628
0.002318 0.021286
0.001742 0.032359
0.001794 0.032322
0.005273 0.401026
0.006432 0.507726
0.006220 0.705404
0.002435 0.035758
0.007088 0.847720
0.002622 0.040021
0.007628 0.971026
0.008176 1.099795
0.008866 1.179953
0.009056 1.263987
0.010042 1.316276
0.009784 1.392212
0.002825 0.095894
0.003161 0.103146
0.003399 0.134122
0.003486 0.141912
0.003566 0.157449
0.003817 0.157492
0.003631 0.172414
0.003871 0.172191
0.003991 0.172095
0.003791 0.180258
0.004072 0.203468
0.004106 0.219117
0.004296 0.226888
0.004337 0.226862
0.004244 0.242796
0.004463 0.250320
0.004575 0.250239
0.004536 0.258160
0.004611 0.265677
0.004716 0.287371
0.004966 0.289462
0.004785 0.303145
0.005056 0.310511
0.005001 0.311144
0.005035 0.311125
0.005101 0.312001
0.005470 0.352858
0.005512 0.376283
0.005622 0.384185
0.005558 0.384249
0.005659 0.400096
0.001830 0.032301
0.005681 0.408223
0.006047 0.407871
0.001825 0.036312
0.006280 0.625782
0.002461 0.035715
0.006339 0.708480
0.006722 0.713679
0.006120 0.715278
0.006684 0.715817
0.006086 0.769015
0.006652 0.780200
0.006992 0.794700
0.002617 0.035907
0.007153 0.847899
0.007157 0.849103
0.007323 0.873170
0.007534 0.912582
0.006865 0.923821
0.007673 0.933531
0.007239 0.956790
0.003155 0.066613
0.007729 0.982415
0.008050 1.004686
0.008191 1.014935
0.007487 1.035856
0.008117 1.044051
0.006788 1.065179
0.008093 1.063888
0.003287 0.066793
0.008299 1.112529
0.008416 1.121108
0.008534 1.140474
0.008654 1.148922
0.008579 1.157529
0.008749 1.160104
0.002742 0.082206
0.008789 1.188790
0.008989 1.188783
0.009020 1.189692
0.009333 1.237485
0.009180 1.237939
0.003336 0.095358
0.009575 1.283100
0.009592 1.300414
0.009666 1.310281
0.009728 1.316272
0.009439 1.316580
0.003027 0.095667
0.010090 1.402444
0.010554 1.402833
0.010071 1.403368
0.010306 1.427213
0.010187 1.427349
0.010621 1.427391
0.010461 1.438673
0.002949 0.095770
0.010639 1.555757
0.010581 1.555831
7.348824 0.015977
7.349112 0.015706
7.349030 0.015806
7.360348 0.004538
7.348429 0.016474
7.348935 0.015991
7.348479 0.016458
7.348539 0.016414
7.348322 0.016642
7.362333 0.002642
7.361717 0.003274
7.360896 0.004109
7.349289 0.015832
7.349368 0.015769
7.349462 0.015725
7.350309 0.014895
7.348755 0.016466
7.361818 0.003427
7.349194 0.016063
7.352754 0.012551
7.351242 0.014194
7.349870 0.015581
7.352890 0.012573
7.353041 0.012475
7.355455 0.010108
7.355982 0.009598
7.356140 0.009455
7.356683 0.008928
7.353957 0.011820
7.353385 0.012411
7.353507 0.012308
7.356950 0.008880
7.355734 0.010114
7.357168 0.008699
7.357274 0.008615
7.357358 0.008548
7.359761 0.006299
7.359711 0.006365
7.359852 0.006239
7.360008 0.006099
7.357434 0.008842
7.358466 0.007827
7.358592 0.007717
7.359411 0.006913
7.360162 0.006180
7.348339 0.018020
7.360466 0.005909
7.348363 0.018025
7.348667 0.017867
7.361908 0.004642
7.348779 0.017787
7.365401 0.001175
7.348411 0.018434
7.361315 0.005547
7.361395 0.005485
7.348595 0.018301
7.365676 0.001233
7.366206 0.000716
7.365986 0.000953
7.366459 0.000497
7.366744 0.000445
7.367095 0.000110
7.367256 0.000327
7.367497 0.000235
7.367656 0.000334
7.367849 0.000350
7.368094 0.000140
7.368323 0.000066
7.368488 0.000083
7.368634 0.000081
7.368789 0.000087
7.368930 0.000070
7.369069 0.000079
7.369209 0.000075
7.369361 0.000080
7.369515 0.000073
7.369658 0.000153
7.369796 0.000202
7.370072 0.000094
7.370236 0.000080
7.370391 0.000104
7.370539 0.000083
7.370683 0.000077
7.370901 0.000106
7.371138 0.000174
7.371237 0.000147
7.371485 0.000238
7.371614 0.000127
7.371845 0.000220
7.371991 0.000139
7.372186 0.000238
7.372296 0.000161
7.372546 0.000275
7.372718 0.000121
7.372912 0.000234
7.373071 0.000103
7.373236 0.000077
7.373388 0.000086
7.373533 0.000071
7.373674 0.000086
7.373827 0.000079
7.373980 0.000082
7.374120 0.000089
7.374270 0.000085
7.374416 0.000083
7.374543 0.000215
7.374687 0.000100
7.374844 0.000069
7.375010 0.000117
7.375204 0.000322
7.375413 0.000162
7.375626 0.000103
7.375798 0.000082
7.375958 0.000206
7.376093 0.000095
7.376246 0.000068
7.376451 0.000110
7.376647 0.000070
7.376785 0.000204
7.376912 0.000095
14.003173 0.001509
14.004433 0.000294
14.002926 0.001819
14.003051 0.001742
14.003128 0.001683
14.003095 0.001733
14.003255 0.001622
14.003302 0.001593
14.003263 0.001644
14.004522 0.000398
14.003312 0.001624
14.003516 0.001440
14.003409 0.001564
14.003041 0.001980
14.003445 0.001594
14.003557 0.001530
14.003629 0.001474
14.003565 0.001553
14.004111 0.001056
14.003549 0.001662
14.003810 0.001449
14.003848 0.001429
14.003638 0.001653
14.003701 0.001650
14.003740 0.001869
14.003749 0.001876
14.003927 0.001873
14.003881 0.001939
14.003888 0.001951
14.004001 0.001854
14.004064 0.001953
14.003992 0.002045
14.004205 0.001935
14.004286 0.001897
14.004074 0.002121
14.004146 0.002066
14.004360 0.001966
14.004241 0.002101
14.004250 0.002118
14.004396 0.001987
14.004324 0.002168
14.002976 0.003531
14.004527 0.002109
14.005945 0.000701
14.004492 0.002173
14.003031 0.003650
14.006432 0.000369
14.005513 0.001372
14.005694 0.001230
14.006569 0.000367
14.006104 0.000846
14.006268 0.000696
14.006850 0.000231
14.006737 0.000358
14.007021 0.000314
14.007158 0.000312
14.007273 0.000349
14.007399 0.000351
14.007546 0.000325
14.007810 0.000184
14.007679 0.000328
14.007928 0.000198
14.008064 0.000077
14.008248 0.000100
14.008432 0.000216
14.008572 0.000208
14.008709 0.000180
14.008851 0.000224
14.008999 0.000226
14.009144 0.000222
14.009293 0.000222
14.009437 0.000221
14.009582 0.000214
14.009723 0.000216
14.009861 0.000217
14.010008 0.000208
14.010144 0.000205
14.010281 0.000210
14.010420 0.000209
14.010557 0.000206
14.010691 0.000201
14.010825 0.000207
14.010960 0.000225
14.011106 0.000245
14.011273 0.000217
14.011416 0.000216
14.011557 0.000209
14.011697 0.000086
14.011890 0.000226
14.012039 0.000233
14.012192 0.000221
14.012336 0.000242
14.012488 0.000238
14.012649 0.000095
14.012851 0.000237
14.013005 0.000237
14.013164 0.000228
14.013315 0.000214
14.013457 0.000227
14.013602 0.000231
14.013758 0.000227
14.013903 0.000219
14.014054 0.000221
14.014199 0.000215
14.014342 0.000217
14.014480 0.000217
14.014625 0.000205
14.014762 0.000207
14.014898 0.000208
14.015031 0.000212
14.015171 0.000222
14.015314 0.000223
14.015459 0.000216
14.015602 0.000224
14.015750 0.000092
14.015939 0.000230
14.016091 0.000226
14.016240 0.000226
14.016390 0.000095
14.016571 0.000532
18.261546 0.003612
18.262036 0.003139
18.263018 0.002174
18.261832 0.003377
18.261675 0.003652
18.261453 0.003889
18.261966 0.003387
18.264916 0.000462
18.262141 0.003270
18.264769 0.000721
18.262095 0.003411
18.264624 0.000925
18.262580 0.003092
18.262884 0.002805
18.262439 0.003263
18.262740 0.002978
18.262206 0.003700
18.264923 0.001110
18.262483 0.003564
18.261662 0.004400
18.262960 0.003116
18.264483 0.001606
18.263060 0.003042
18.264542 0.001578
18.261884 0.004351
18.264585 0.001666
18.261944 0.004323
18.264693 0.001599
18.261778 0.004639
18.264550 0.001888
18.264503 0.001952
18.264494 0.001979
18.264758 0.001829
18.264898 0.001705
18.262132 0.004512
18.264906 0.001750
18.265266 0.001522
18.265448 0.001355
18.265612 0.001204
18.265780 0.001082
18.262307 0.004699
18.262305 0.004717
18.265091 0.001944
18.262800 0.004256
18.265972 0.001169
18.266178 0.001011
18.266348 0.000893
18.266545 0.000711
18.266723 0.000778
18.267319 0.000196
18.267141 0.000390
18.266928 0.000622
18.267437 0.000256
18.267754 0.000175
18.267619 0.000327
18.267863 0.000314
18.268002 0.000187
18.268113 0.000303
18.268248 0.000297
18.268353 0.000317
18.268481 0.000202
18.268606 0.000205
18.268743 0.000195
18.268878 0.000177
18.269113 0.000170
18.268995 0.000302
18.269223 0.000197
18.269359 0.000275
18.269477 0.000392
18.269579 0.000389
18.269806 0.000200
18.269699 0.000329
18.270090 0.000189
18.269929 0.000365
18.270205 0.000335
18.270355 0.000212
18.270473 0.000094
18.270733 0.000334
18.270885 0.000199
18.271005 0.000197
18.271261 0.000167
18.271142 0.000301
18.271368 0.000089
18.271577 0.000267
18.271770 0.000346
18.271914 0.000222
18.272042 0.000226
18.272202 0.000213
18.272341 0.000211
18.272481 0.000210
18.272618 0.000204
18.272755 0.000199
18.272885 0.000202
26.863174 0.025642
18.273148 0.000235
18.273294 0.000219
18.273439 0.000216
18.273580 0.000217
18.273720 0.000224
18.273867 0.000341
18.274018 0.000207
18.274136 0.000234
18.274295 0.000225
18.274441 0.000215
18.274586 0.000206
18.274724 0.000203
18.274858 0.000202
18.274992 0.000203
18.275124 0.000214
18.275263 0.000217
18.275407 0.000221
18.275550 0.000369
18.275681 0.000255
18.275843 0.000269
18.275989 0.000280
18.276171 0.000230
18.276335 0.000199
18.276470 0.000223
18.276630 0.001047
18.276753 0.001931
26.862281 0.023398
26.864734 0.021006
26.861313 0.024568
26.861791 0.024140
26.869095 0.016847
26.870859 0.015096
26.863899 0.022116
26.872247 0.013781
26.865686 0.020465
26.865099 0.021066
26.865768 0.020571
26.862572 0.023780
26.862181 0.024187
26.865335 0.021142
26.862122 0.024498
26.861470 0.025165
26.862256 0.024394
26.865469 0.021197
26.862432 0.024249
26.862572 0.024121
26.862990 0.023846
26.862042 0.024844
26.866275 0.020782
26.866541 0.020565
26.861535 0.025587
26.862671 0.024498
26.861671 0.025511
26.876811 0.010382
26.861688 0.025664
26.862906 0.024490
26.864082 0.023458
26.861945 0.025613
26.868651 0.018922
26.863133 0.024464
26.861848 0.025853
26.869563 0.018220
26.863546 0.024253
26.863786 0.024028
26.862016 0.025811
26.864397 0.023441
26.862239 0.025796
26.862360 0.025786
26.871966 0.016229
26.864281 0.023930
26.862060 0.026163
26.871656 0.016588
26.862022 0.026235
26.876153 0.012113
26.862401 0.025985
26.868478 0.019925
26.862622 0.025913
26.862786 0.025766
26.866360 0.022209
26.868969 0.019615
26.866026 0.022662
26.862450 0.026288
26.862665 0.026096
26.867964 0.020812
26.862990 0.025810
18.273019 0.000203
26.863444 0.025459
26.869207 0.019736
26.864110 0.025793
26.864654 0.025268
26.871110 0.018824
26.863655 0.026291
26.863833 0.027126
26.864420 0.027622
26.863986 0.029137
26.870709 0.022414
26.864784 0.029355
26.864847 0.030303
26.864860 0.030308
26.867737 0.030560
26.885607 0.012705
26.885823 0.013525
26.886234 0.013268
26.886087 0.013429
26.864971 0.035584
26.865046 0.036521
26.865136 0.036447
26.886552 0.016043
26.886758 0.015850
26.886936 0.017801
26.887318 0.017433
26.887478 0.017286
26.888324 0.019567
26.888468 0.019435
26.887654 0.022258
26.888652 0.021271
26.888870 0.021066
26.892029 0.017920
26.888083 0.022961
26.887961 0.023130
26.896235 0.016860
26.899460 0.013647
26.906825 0.008395
26.911010 0.005257
26.903666 0.014607
26.914179 0.005219
26.918338 0.005176
37.256889 0.026357
26.925576 0.005183
26.928698 0.005205
26.932828 0.005204
26.935967 0.005193
26.939090 0.006208
26.943229 0.009318
26.946367 0.008321
26.950480 0.004225
26.953615 0.005214
26.960895 0.005180
26.957757 0.009332
26.965007 0.004211
26.968152 0.008304
26.971278 0.005193
26.974392 0.006216
26.977538 0.008469
26.981741 0.015950
34.111760 0.115085
37.255660 0.026026
37.255175 0.026521
37.254724 0.027016
37.255046 0.026706
37.267995 0.013909
37.262052 0.019864
37.281224 0.000736
37.269995 0.012009
37.256149 0.025865
37.257223 0.024802
37.269566 0.012785
37.274785 0.007581
37.255866 0.026512
37.268243 0.014150
37.255186 0.027375
37.254869 0.027736
37.259418 0.023200
37.268413 0.014216
37.256516 0.026122
37.275209 0.007438
37.256315 0.026562
37.256677 0.026211
37.256684 0.026216
37.272748 0.010167
37.255009 0.027927
37.272548 0.010401
37.274307 0.008760
37.255037 0.028044
37.274919 0.008173
37.257114 0.025991
26.922449 0.005190
37.275354 0.008008
37.256690 0.026685
37.259458 0.023928
40.951561 0.210767
37.257324 0.026074
37.257420 0.025988
37.257504 0.026842
37.275524 0.009828
37.259970 0.025394
37.260537 0.024837
37.259739 0.029628
37.259556 0.029821
37.262548 0.027838
37.265437 0.024961
37.261528 0.029879
37.265964 0.025457
37.262274 0.031155
37.262675 0.031766
37.266476 0.028975
37.255598 0.039867
37.266370 0.031102
37.266622 0.031859
37.255639 0.044849
37.267839 0.032661
37.267543 0.032968
37.267746 0.032785
37.267807 0.035722
37.255615 0.047926
37.267863 0.036682
37.255769 0.048786
37.255817 0.049746
37.255914 0.050662
37.255719 0.050869
37.268867 0.040726
37.255866 0.053741
37.256130 0.053487
37.270108 0.039520
37.256228 0.055404
37.255953 0.056696
37.256008 0.057677
37.256421 0.058258
37.271788 0.042909
37.256577 0.058132
37.270253 0.045462
37.256579 0.060141
37.270665 0.048064
37.257027 0.062710
37.257248 0.062499
37.257526 0.062229
37.257929 0.063836
37.256741 0.065041
37.256946 0.065849
37.259111 0.064695
37.259885 0.064932
37.257807 0.067023
37.276362 0.048481
37.264410 0.062442
37.258311 0.069555
37.281213 0.047667
37.281589 0.047304
37.282095 0.047810
37.282250 0.048667
37.276829 0.055099
37.268080 0.063858
37.281820 0.052129
37.282706 0.051257
37.282819 0.051156
37.283001 0.051983
37.282491 0.053503
37.283170 0.052839
37.283300 0.056713
37.375050 0.005209
37.378179 0.007332
37.381317 0.004205
37.384438 0.007322
37.387589 0.005179
37.390702 0.008327
37.393835 0.007338
37.396964 0.005220
37.399102 0.006222
37.402255 0.008332
37.405381 0.008342
37.408491 0.005243
37.412651 0.004203
37.414790 0.008320
37.417931 0.008294
37.424166 0.004178
37.421048 0.008306
37.427286 0.013884
47.996732 0.025882
47.999256 0.023516
48.010445 0.012346
47.998882 0.023926
47.996957 0.026006
47.999054 0.023930
48.001665 0.021339
48.012771 0.010254
47.997248 0.025793
47.997855 0.025312
47.997513 0.025726
48.011886 0.011369
47.998195 0.025270
48.010220 0.013267
47.998395 0.025112
48.000583 0.023104
48.001820 0.021888
47.996872 0.026871
48.005041 0.018822
47.998569 0.025353
47.996932 0.027011
47.997051 0.026913
47.996939 0.027047
47.998781 0.025227
48.012048 0.012115
47.999195 0.025125
47.997360 0.026980
47.997399 0.026961
47.998621 0.025758
47.997155 0.027387
47.999022 0.025541
47.997321 0.027264
47.999379 0.025226
47.997559 0.027065
48.001033 0.023754
47.997744 0.027056
48.002018 0.023002
48.002431 0.022609
48.004748 0.020311
48.013035 0.012044
47.998066 0.027032
48.012956 0.012191
47.997786 0.027394
47.998066 0.027256
48.008442 0.016901
47.998314 0.027045
48.008797 0.016593
47.998344 0.027190
48.009858 0.015834
48.011347 0.014409
47.998767 0.027011
47.998501 0.027331
47.998834 0.027020
47.999379 0.026527
48.015492 0.010594
48.010757 0.015346
47.999490 0.026630
47.999757 0.026384
48.000398 0.025955
48.000703 0.025670
48.001292 0.025101
48.000729 0.025684
48.022502 0.004086
48.022680 0.003929
48.022886 0.003779
48.023124 0.003573
48.023343 0.003520
48.023597 0.003286
48.012863 0.014041
48.013149 0.013812
48.023808 0.003313
48.024087 0.003056
48.024241 0.002921
48.024460 0.002719
48.024705 0.002603
48.024909 0.002455
48.025651 0.001727
48.025991 0.001440
48.026264 0.001201
48.026497 0.001172
48.026769 0.000920
48.027034 0.000675
48.025244 0.002487
48.025455 0.002372
48.027263 0.000654
48.027532 0.000403
48.028036 0.000280
48.027812 0.000525
48.028193 0.000281
48.028388 0.000325
48.028619 0.000258
48.028794 0.000472
48.029177 0.000264
48.029024 0.000435
48.029343 0.000282
48.029532 0.000362
48.029687 0.000235
48.029820 0.000246
48.029986 0.000228
48.030136 0.000251
48.030300 0.000382
48.030461 0.000397
48.030589 0.000287
48.030777 0.000225
48.030932 0.000343
48.031070 0.000369
48.031193 0.000277
48.031351 0.000326
48.031583 0.000379
48.031883 0.000251
48.031755 0.000394
48.032047 0.000251
48.032366 0.000207
48.032220 0.000371
48.032490 0.000245
48.032665 0.000213
48.032937 0.000201
48.032804 0.000353
48.033062 0.000110
48.033328 0.000129
57.014932 0.012645
56.999704 0.027926
56.995721 0.031930
56.995249 0.032417
56.995102 0.032617
57.002005 0.025768
56.997639 0.030190
