rate is : 25
0.000268 0.002301
0.000376 0.002215
0.000462 0.002141
0.000850 0.001799
0.000301 0.002644
0.000257 0.003698
0.001181 0.002789
0.000564 0.003452
0.001199 0.002832
0.001034 0.003011
0.001293 0.002761
0.001349 0.002723
0.001875 0.008239
0.001908 0.008219
0.002094 0.010047
0.001980 0.015385
0.001528 0.021838
0.001602 0.021778
0.001695 0.021699
0.001950 0.021473
0.002300 0.021134
0.002219 0.021226
0.002345 0.024451
0.002402 0.051531
0.002422 0.057477
5.628182 0.000648
5.628152 0.000730
5.628649 0.000273
5.628716 0.000250
5.627879 0.001151
5.628290 0.000751
5.628300 0.000757
5.628575 0.000496
5.628233 0.000853
5.627929 0.001167
5.628217 0.000894
5.628526 0.000594
5.628410 0.003886
5.628379 0.003944
5.628519 0.003837
5.628309 0.007774
5.628094 0.012850
5.628724 0.012269
5.627894 0.014651
5.627920 0.014636
5.627972 0.014594
5.628510 0.014071
5.628544 0.014048
5.628686 0.040233
5.628031 0.040906
18.424587 0.003717
18.424619 0.003761
18.424664 0.003735
18.426947 0.001530
18.424552 0.003943
18.424504 0.004041
18.424793 0.003772
18.425161 0.003420
18.425348 0.003293
18.425411 0.003241
18.424738 0.003961
18.424687 0.004030
18.425856 0.002882
18.426140 0.002618
18.426185 0.002592
18.426077 0.002751
18.425472 0.003406
18.425277 0.003619
18.426481 0.002474
18.425968 0.003008
18.426598 0.002395
18.426667 0.002381
18.426935 0.002192
18.426919 0.002208
18.424534 0.004647
29.329228 0.008902
29.329608 0.008593
29.329181 0.009150
29.329265 0.009083
29.329493 0.008874
29.329404 0.009020
29.329676 0.008760
29.329451 0.009001
29.329547 0.008921
29.334165 0.004315
29.329881 0.008616
29.330400 0.008117
29.329374 0.009196
29.329765 0.008823
29.331311 0.007296
29.329982 0.008677
29.330080 0.008595
29.330833 0.007854
29.331536 0.007168
29.330641 0.008116
29.334059 0.004726
29.331779 0.007035
29.333674 0.005197
29.329214 0.009713
29.329250 0.009728
39.328240 0.007701
39.328551 0.007454
39.328844 0.007221
39.328914 0.007169
39.328395 0.007739
39.329534 0.006618
39.328581 0.007632
39.328483 0.007748
39.329081 0.007166
39.328687 0.007570
39.328752 0.007519
39.328632 0.007656
39.328604 0.007701
39.330283 0.006196
39.330872 0.005625
39.330644 0.005877
39.333002 0.009944
39.329893 0.013067
39.331360 0.012346
39.330191 0.013534
39.329998 0.013754
39.328529 0.016450
39.332825 0.012173
39.332484 0.012533
39.332956 0.038022
52.259014 0.001155
52.259217 0.000994
52.259376 0.000855
52.258885 0.001358
52.258896 0.003251
52.258935 0.003225
52.259200 0.002972
52.259190 0.002993
52.258922 0.003277
52.259230 0.002987
52.259489 0.002742
52.258907 0.008045
52.259564 0.013568
52.259803 0.013346
52.259682 0.030547
52.259501 0.035274
52.259298 0.035534
52.259549 0.036019
52.259523 0.036059
52.259816 0.039212
52.259888 0.039151
52.259871 0.044213
52.259955 0.093688
52.259905 0.107380
52.259967 0.107330
65.075299 0.006218
65.076917 0.004651
65.076091 0.005577
65.076765 0.004955
65.075316 0.007650
65.075673 0.007312
65.075793 0.007242
65.076055 0.007000
65.075696 0.008376
65.075855 0.008236
65.075973 0.008137
65.075832 0.009340
65.076199 0.020555
65.076399 0.020375
65.076502 0.026710
65.077125 0.038049
65.075881 0.039315
65.076141 0.039115
65.075450 0.039822
65.076313 0.043902
65.075569 0.044668
65.075503 0.054708
65.076874 0.090413
65.075740 0.091565
65.077156 0.097153
76.853440 0.007930
76.852953 0.008465
76.852825 0.009262
76.852890 0.009217
76.853608 0.008520
76.853681 0.009461
76.853250 0.009906
76.853523 0.009648
76.854912 0.103482
76.853158 0.010045
76.854343 0.026194
76.853990 0.034338
76.853193 0.039162
76.852916 0.039458
76.852858 0.039577
76.853332 0.043857
76.853811 0.043392
76.853918 0.043308
76.854475 0.082846
76.855150 0.111378
76.855260 0.111730
76.855423 0.114028
76.855963 0.116860
76.852836 0.010354
76.856004 0.118022
89.670638 0.004970
89.671085 0.004606
89.671232 0.004477
89.671178 0.004550
89.670492 0.006205
89.670981 0.005770
89.671416 0.005353
89.673945 0.002852
89.671574 0.005241
89.671394 0.005473
89.671146 0.006772
89.671490 0.007445
89.671874 0.013685
89.672047 0.015888
89.672270 0.015680
89.670782 0.032147
89.670878 0.032077
89.671652 0.031325
89.671778 0.034189
89.670762 0.035218
89.672384 0.033613
89.672460 0.033551
89.670638 0.035390
89.670814 0.068123
89.670878 0.068086
102.186031 0.009170
102.186014 0.009229
102.186546 0.008987
102.186058 0.009494
102.186068 0.009505
102.186394 0.009234
102.186669 0.008978
102.186446 0.009211
102.186124 0.009700
102.186970 0.008871
102.186827 0.009064
102.187165 0.008777
102.187494 0.008466
102.186169 0.009810
102.186291 0.009702
102.186206 0.009808
102.187029 0.009004
102.192571 0.003520
102.191363 0.004975
102.192739 0.003614
102.192161 0.004206
102.193148 0.003504
102.193263 0.003435
102.193594 0.003120
102.186014 0.010717
