rate is : 50
0.000349 0.004915
0.000391 0.004888
0.000413 0.004902
0.000490 0.004877
0.000569 0.004862
0.001163 0.004316
0.000850 0.004685
0.001145 0.004438
0.001191 0.008115
0.001626 0.008696
0.001440 0.008907
0.001584 0.008813
0.001260 0.009154
0.001705 0.008724
0.001823 0.009835
0.001955 0.009755
0.002032 0.031482
0.002070 0.031463
0.002095 0.031454
0.002310 0.031252
0.002405 0.031173
0.002473 0.034112
0.002674 0.037018
0.002718 0.036987
0.002742 0.075550
0.002866 0.075441
0.003077 0.075243
0.002939 0.075395
0.003117 0.075229
0.003250 0.080096
0.003344 0.085003
0.003448 0.089941
0.003531 0.129764
0.003706 0.134595
0.003737 0.134577
0.003782 0.134546
0.003894 0.134800
0.004104 0.134607
0.004590 0.143745
0.004191 0.144158
0.004477 0.188772
0.004791 0.188475
0.004746 0.188544
0.004297 0.189019
0.005041 0.188289
0.004370 0.188971
0.004900 0.198465
0.005064 0.203306
0.005162 0.243136
0.005185 0.243138
1.803775 0.003517
1.803839 0.003475
1.803830 0.003533
1.804359 0.003057
1.804320 0.003118
1.804092 0.003363
1.803736 0.003736
1.803793 0.003795
1.804139 0.003460
1.803971 0.003637
1.803804 0.003856
1.803911 0.003768
1.804259 0.003437
1.804028 0.003688
1.807276 0.000631
1.807540 0.000384
1.804580 0.003407
1.805684 0.002455
1.807828 0.000327
1.808087 0.000259
1.808262 0.000116
1.808462 0.000237
1.808616 0.000245
1.808774 0.000105
1.808983 0.000094
1.809154 0.000078
1.809345 0.000096
1.809507 0.000077
1.809659 0.000215
1.809795 0.000236
1.809939 0.000224
1.810225 0.000298
1.810091 0.000449
1.810341 0.000339
1.810448 0.000302
1.810609 0.000226
1.810737 0.000513
1.811038 0.000351
1.810912 0.000490
1.811179 0.000241
1.811312 0.000125
1.811525 0.000212
1.811661 0.000229
1.811811 0.000097
1.811981 0.000398
1.812274 0.000314
1.812428 0.000269
1.812572 0.000258
1.812744 0.000225
1.812892 0.002409
11.623490 0.020053
11.638995 0.004660
11.640932 0.002736
11.639944 0.003745
11.623225 0.021533
11.623593 0.021184
11.623545 0.022245
11.624023 0.021786
11.629112 0.119563
11.630561 0.172804
11.630218 0.204768
11.640996 0.006367
11.624999 0.034976
11.625806 0.041823
11.626469 0.041179
11.627668 0.043997
11.623723 0.052915
11.624164 0.057475
11.625101 0.061783
11.625167 0.061736
11.627813 0.059106
11.627300 0.072728
11.628830 0.082245
11.628742 0.130500
11.629255 0.130861
11.629627 0.135012
11.623881 0.021965
11.623275 0.157577
11.624045 0.023283
11.629779 0.205231
11.631031 0.222345
11.637751 0.240796
11.631818 0.246745
11.637617 0.257162
11.631464 0.263598
11.631214 0.263861
11.623310 0.279105
11.637525 0.281768
11.623580 0.023765
11.638028 0.281595
11.631594 0.288972
11.623460 0.334472
11.623527 0.373497
11.637918 0.359140
11.623795 0.373278
11.640825 0.376427
11.640325 0.377348
11.624238 0.440592
11.624012 0.501116
11.623881 0.520750
24.297475 0.014379
24.298373 0.013551
24.304214 0.007760
24.305711 0.006282
24.296626 0.016624
24.296400 0.016901
24.297589 0.016730
24.305566 0.008774
24.311041 0.003319
24.311256 0.003121
24.305111 0.009284
24.304814 0.207584
24.297739 0.029027
24.297793 0.028994
24.298108 0.031054
24.296571 0.039701
24.297680 0.046592
24.311621 0.400162
24.297762 0.051059
24.297887 0.050953
24.298004 0.051763
24.311628 0.047212
24.298287 0.083369
24.296990 0.091589
24.296768 0.099342
24.302537 0.115012
24.298474 0.119840
24.302759 0.122204
24.302844 0.122945
24.303657 0.129715
24.297139 0.167157
24.304483 0.160309
24.304711 0.191032
24.311244 0.004191
24.296959 0.217930
24.305369 0.215130
24.297002 0.225029
24.305631 0.221704
24.311183 0.240683
24.297549 0.277476
24.311197 0.271022
24.311302 0.296012
24.311481 0.301229
24.311436 0.301486
24.311391 0.302195
24.311348 0.317388
24.311492 0.326109
24.311577 0.335004
24.297680 0.367949
24.296545 0.047742
37.094650 0.002258
37.096307 0.000718
37.094287 0.004156
37.094125 0.004338
37.094181 0.004330
37.094193 0.004371
37.094355 0.004230
37.094640 0.004012
37.094202 0.004465
37.094676 0.005001
37.094866 0.015612
37.094973 0.017641
37.094538 0.037189
37.094687 0.037054
37.094530 0.037228
37.094875 0.036897
37.094959 0.041799
37.094717 0.042059
37.094704 0.042090
37.095122 0.046669
37.095235 0.071497
37.095407 0.076330
37.095132 0.096570
37.095108 0.096613
37.095184 0.097252
37.095143 0.097319
37.095288 0.101468
37.095419 0.101688
37.095364 0.101762
37.095468 0.106290
37.095730 0.130902
37.095851 0.140762
37.095583 0.156011
37.095713 0.155901
37.095513 0.156115
37.095659 0.160972
37.095673 0.160976
37.095804 0.160863
37.095889 0.160794
37.095899 0.170771
37.096175 0.189891
37.096264 0.199785
37.095937 0.215092
37.096026 0.220011
37.095946 0.220112
37.096071 0.220006
37.096081 0.220014
37.096237 0.219872
37.094166 0.226942
37.096361 0.229751
50.131766 0.014720
50.132969 0.013582
50.134295 0.012320
50.142468 0.004185
50.131958 0.016039
50.133125 0.014887
50.134141 0.013884
50.145126 0.003962
50.132856 0.016246
50.136206 0.124714
50.136354 0.163470
50.144872 0.005270
50.142280 0.009899
50.132570 0.017589
50.133915 0.031017
50.133992 0.030954
50.131922 0.044708
50.132554 0.048710
50.133223 0.048055
50.133864 0.052410
50.134104 0.057150
50.131958 0.059331
50.134048 0.057549
50.132478 0.088412
50.135841 0.097343
50.134909 0.110592
50.134385 0.118131
50.135139 0.118163
50.135531 0.123892
50.135714 0.124220
50.136654 0.185776
50.132348 0.206912
50.140335 0.200198
50.140631 0.205974
50.140206 0.208052
50.140492 0.213569
50.140894 0.213325
50.133838 0.028079
50.141418 0.259474
50.141144 0.267307
50.132751 0.300264
50.141546 0.296888
50.142157 0.297980
50.141928 0.298234
50.142029 0.327542
50.132754 0.336828
50.144759 0.332905
50.132937 0.353202
50.145186 0.369524
50.145273 0.380555
62.509183 0.018383
62.513452 0.014152
62.513170 0.014447
62.512634 0.015002
62.514557 0.013141
62.512948 0.014771
62.506156 0.021585
62.509385 0.018378
62.506914 0.020881
62.507096 0.020884
62.507554 0.020442
62.506324 0.021729
62.507421 0.020650
62.507198 0.020892
62.519294 0.013820
62.507629 0.026577
62.507722 0.026789
62.512075 0.022455
62.519944 0.014604
62.519652 0.015502
62.507590 0.034718
62.506408 0.035918
62.506484 0.039992
62.521179 0.025357
62.509021 0.037535
62.506597 0.040474
62.509612 0.037481
62.506630 0.042960
62.506784 0.057967
62.506749 0.058022
62.506688 0.058101
62.506905 0.061881
62.513337 0.059456
62.511879 0.068929
62.509885 0.070944
62.507131 0.082460
62.507311 0.082299
62.514002 0.079972
62.507353 0.086641
62.518289 0.080712
62.508047 0.111341
62.518951 0.106216
62.520804 0.105181
62.522416 0.103587
62.518648 0.118508
62.519837 0.123319
62.508631 0.146513
62.522970 0.138174
62.522751 0.138409
62.523252 0.167798
74.686109 0.018305
74.698375 0.006164
74.686321 0.018238
74.686851 0.017737
74.687008 0.017616
74.699180 0.005461
74.698056 0.006885
74.697575 0.007387
74.696339 0.008638
74.687072 0.019907
74.687259 0.023886
74.699869 0.015347
74.693055 0.026174
74.687541 0.033703
74.687308 0.033974
74.687915 0.035799
74.686773 0.036961
74.687655 0.036093
74.699620 0.024148
74.687948 0.041812
74.688492 0.053433
74.689704 0.060251
74.688198 0.065763
74.700309 0.057656
74.688444 0.073518
74.686475 0.075501
74.689054 0.076929
74.686505 0.079503
74.689383 0.076637
74.686526 0.088229
74.697463 0.106708
74.695855 0.113324
74.686615 0.127899
74.686789 0.127744
74.693177 0.122322
74.694400 0.126805
74.695367 0.125859
74.693714 0.132811
74.695982 0.142525
74.686938 0.190494
74.687509 0.196336
74.697116 0.193261
74.697233 0.193430
74.687175 0.203508
74.698617 0.192988
74.687446 0.210859
74.699451 0.199386
74.687678 0.265267
74.688333 0.271739
74.700240 0.267397
87.165208 0.018115
87.164279 0.019053
87.165141 0.018267
87.163777 0.019643
87.165184 0.018294
87.163861 0.019647
87.176286 0.007235
87.164847 0.018726
87.163289 0.020298
87.176382 0.007214
87.163051 0.020553
87.163687 0.020046
87.163526 0.020207
87.176115 0.007631
87.162834 0.021034
87.163441 0.020427
87.174789 0.009079
87.163097 0.020793
87.163575 0.020376
87.163137 0.020814
87.166460 0.017627
87.167344 0.016755
87.165457 0.018685
87.173652 0.010498
87.166657 0.017614
87.165588 0.018745
87.166454 0.017879
87.173926 0.010422
87.174005 0.010357
87.174221 0.010214
87.168334 0.016101
87.162936 0.021727
87.173561 0.011056
87.173451 0.011166
87.167528 0.017135
87.173771 0.010892
87.174317 0.010368
87.173711 0.011065
87.173819 0.010957
87.174619 0.010184
87.174537 0.010266
87.162995 0.021819
87.175346 0.009479
87.163337 0.021498
87.163494 0.021350
87.174744 0.010155
87.163051 0.021930
87.175867 0.009114
