rate is : 5
0.000435 0.000220
0.000213 0.000471
0.000355 0.000344
0.000257 0.000463
0.000314 0.000466
0.000856 0.000200
0.000985 0.000215
0.001123 0.000226
0.001267 0.000236
0.001424 0.004200
4.877943 0.000240
4.878101 0.000146
4.877956 0.000357
4.877912 0.002441
4.877928 0.002445
9.785366 0.000271
9.785378 0.000277
9.785351 0.000378
9.785567 0.000212
9.785536 0.000336
14.690452 0.000293
14.690596 0.000180
14.690587 0.000253
14.690481 0.000377
14.690468 0.000407
18.839821 0.000196
18.839786 0.000243
18.839804 0.000264
18.839767 0.000375
18.839867 0.000289
23.555658 0.000146
23.555570 0.000279
23.555619 0.000251
23.555556 0.000425
23.555545 0.001677
28.457481 0.000172
28.457412 0.000422
28.457470 0.000416
28.457426 0.000478
28.457397 0.000558
33.313609 0.000245
33.313623 0.000414
33.313587 0.000498
33.313633 0.001746
33.313598 0.001829
38.210178 0.000206
38.210207 0.000210
38.210193 0.000241
38.210214 0.000302
38.210164 0.000408
