rate is : 80
0.000220 0.009969
0.000347 0.009869
0.000255 0.010041
0.000275 0.010073
0.000429 0.009935
0.000737 0.009638
0.000649 0.009734
0.000869 0.009529
0.001096 0.009319
0.007766 0.229352
0.003158 0.007318
0.008378 0.336619
0.002792 0.010536
0.002096 0.012236
0.001563 0.012792
0.001851 0.012528
0.002492 0.011904
0.002586 0.011831
0.003743 0.011714
0.004149 0.012336
0.004215 0.016235
0.004304 0.018162
0.005517 0.020949
0.005775 0.025671
0.005881 0.028571
0.005480 0.028988
0.004417 0.030070
0.005053 0.029447
0.005344 0.029169
0.005414 0.029112
0.005972 0.041455
0.006077 0.045351
0.005985 0.053428
0.006231 0.061245
0.006603 0.065744
0.006437 0.065928
0.006338 0.066047
0.006478 0.065924
0.006547 0.065869
0.007035 0.092144
0.006794 0.092385
0.006830 0.103404
0.006921 0.122469
0.007094 0.136211
0.007248 0.136077
0.007145 0.136198
0.007410 0.136658
0.007460 0.163259
0.007698 0.187000
0.008105 0.237271
0.008024 0.237804
0.007861 0.238409
0.008177 0.245559
0.007528 0.247047
0.008300 0.268598
0.007839 0.276391
0.001421 0.009013
0.008341 0.284302
0.003694 0.006797
0.008481 0.343511
0.008604 0.343459
0.008714 0.343691
0.008855 0.344476
0.008938 0.367024
0.008740 0.374853
0.008988 0.375644
0.009379 0.435830
0.009202 0.436196
0.009240 0.436971
0.009299 0.437910
0.009093 0.451329
0.009567 0.467171
0.009652 0.467864
0.009495 0.482616
0.009817 0.534510
0.009851 0.542501
0.010006 0.542701
0.010048 0.542677
0.010053 0.551823
0.009707 0.580200
3.799351 0.014137
3.797051 0.016459
3.797179 0.016346
3.797754 0.015786
3.792867 0.020726
3.793470 0.020144
3.795757 0.017876
3.793769 0.019882
3.793882 0.019789
3.793664 0.020024
3.801605 0.012104
3.802091 0.011637
3.794376 0.019369
3.805057 0.008707
3.793008 0.020775
3.795630 0.018169
3.804343 0.009474
3.793034 0.020803
3.803507 0.010383
3.804975 0.008933
3.793077 0.020848
3.793245 0.020698
3.794472 0.019485
3.794716 0.019290
3.793375 0.020682
3.796141 0.017941
3.796292 0.017844
3.793600 0.020588
3.808345 0.005866
3.793272 0.020991
3.808043 0.006239
3.793301 0.021001
3.796871 0.017483
3.800614 0.013759
3.800780 0.013614
3.800810 0.013603
3.801415 0.013017
3.793898 0.020554
3.794186 0.020285
3.794233 0.020258
3.794582 0.019927
3.805978 0.008548
3.794585 0.019961
3.794004 0.020557
3.794186 0.020396
3.794908 0.019694
3.795894 0.018727
3.814739 0.000115
3.814965 0.000117
3.815204 0.000253
3.815369 0.000122
3.815611 0.000393
3.815780 0.000245
3.815918 0.000298
3.816104 0.000299
3.816294 0.000267
3.816633 0.000325
3.816474 0.000531
3.816768 0.000362
3.816913 0.000448
3.817083 0.000453
3.817263 0.000300
3.817451 0.000383
3.817629 0.000331
3.817757 0.000340
3.818045 0.000347
3.817892 0.000613
3.818452 0.000233
3.818250 0.000571
3.818616 0.000221
3.818745 0.000346
3.818907 0.000349
3.819050 0.000365
3.819208 0.000340
3.819480 0.000229
3.819346 0.000508
3.819618 0.000401
3.819777 0.000287
3.819943 0.000239
3.820110 0.000121
13.510878 0.024896
13.517687 0.018136
13.510723 0.025121
13.518785 0.017074
13.509489 0.026506
13.510147 0.025902
13.510235 0.025841
13.525641 0.010668
13.510092 0.134361
13.511019 0.025328
13.518755 0.017611
13.523495 0.270421
13.509629 0.028003
13.510829 0.026854
13.510707 0.026995
13.510270 0.029924
13.521468 0.020776
13.509547 0.034819
13.511830 0.590280
13.527935 0.019063
13.510512 0.036474
13.512934 0.686672
13.535917 0.755539
13.509702 0.060286
13.531430 0.049090
13.510985 0.075870
13.511687 0.087267
13.511111 0.087858
13.526163 0.079813
13.510043 0.142387
13.510432 0.025896
13.511985 0.148431
13.530637 0.137567
13.512336 0.156352
13.512899 0.179067
13.510218 0.188919
13.517991 0.189191
13.510392 0.213842
13.510430 0.241389
13.520884 0.231056
13.513737 0.238431
13.520586 0.273717
13.510663 0.290867
13.521995 0.297043
13.510512 0.310593
13.509933 0.026485
13.522391 0.346163
13.521564 0.369804
13.523673 0.367707
13.522191 0.375757
13.524141 0.374487
13.525425 0.390460
13.511236 0.440100
13.526015 0.426199
13.523919 0.436724
13.526232 0.462276
13.526706 0.462514
13.526922 0.470681
13.526583 0.485858
13.527336 0.493102
13.527732 0.525222
13.527869 0.534510
13.528033 0.563440
13.511783 0.588698
13.527465 0.589900
13.530024 0.610349
13.531006 0.617422
13.524702 0.025297
13.512129 0.645197
13.512464 0.678691
13.509681 0.047253
13.531537 0.676066
13.534127 0.688617
13.531273 0.692256
13.535733 0.712604
13.535340 0.776191
13.536178 0.775818
13.512601 0.067905
13.535612 0.851479
13.536564 0.892485
26.496909 0.033471
26.514977 0.015516
26.519736 0.010778
26.523204 0.007330
26.496302 0.034255
26.497084 0.033722
26.496823 0.034003
26.520227 0.011612
26.496778 0.035079
26.497031 0.035876
26.505699 0.208997
26.516552 0.016394
26.496341 0.276730
26.527427 0.016235
26.527167 0.016515
26.498107 0.048556
26.513139 0.459145
26.496664 0.506393
26.498008 0.058228
26.527023 0.033203
26.498675 0.065551
26.518524 0.716668
26.497161 0.800855
26.499065 0.095595
26.523306 1.073705
26.499288 0.107505
26.502932 0.118481
26.502359 0.125024
26.505006 0.122391
26.501683 0.125737
26.504428 0.123288
26.505300 0.169335
26.504936 0.170547
26.507574 0.207949
26.508082 0.208277
26.509051 0.214626
26.507057 0.216635
26.509381 0.239985
26.510853 0.255001
26.497631 0.043955
26.509530 0.280888
26.511305 0.295505
26.511190 0.296351
26.518962 0.013966
26.512103 0.321451
26.496604 0.373527
26.513288 0.366261
26.512871 0.374274
26.515090 0.404044
26.513684 0.407199
26.513982 0.436138
26.497503 0.052172
26.515996 0.466286
26.522744 0.033471
26.518777 0.518584
26.516223 0.576856
26.516852 0.576248
26.496710 0.634947
26.497060 0.656305
26.514724 0.660698
26.498246 0.065994
26.519086 0.747938
26.520021 0.787508
26.497260 0.810847
26.498805 0.069516
26.521670 0.806257
26.519258 0.839001
26.497458 0.861135
26.519650 0.870375
26.497304 0.903302
26.523001 0.897867
26.526852 0.956002
26.521865 0.961517
26.497956 1.002453
26.523849 0.976746
26.522002 0.991522
26.498183 1.038772
26.504212 0.090473
26.527366 1.122265
26.527540 1.122627
39.460277 0.033190
39.461856 0.031735
39.465654 0.027955
39.488119 0.005514
39.476464 0.017193
39.488072 0.005603
39.462260 0.032484
39.461682 0.033081
39.461652 0.033126
39.461938 0.033852
39.475989 0.239202
39.475540 0.294935
39.460305 0.037893
39.461780 0.040423
39.462456 0.041833
39.462637 0.044339
39.487814 0.670951
39.462875 0.057265
39.462548 0.061594
39.461856 0.785098
39.462358 0.061829
39.463156 0.065063
39.474533 0.058944
39.460514 0.082631
39.463032 0.085769
39.463474 0.117621
39.463856 0.123675
39.464616 0.130023
39.464000 0.131261
39.465905 0.135036
39.466858 0.134109
39.467029 0.158585
39.466628 0.198179
39.467181 0.214001
39.465183 0.217102
39.474067 0.213845
39.473144 0.216990
39.467649 0.237530
39.467382 0.246437
39.462110 0.033697
39.461532 0.275458
39.476519 0.301993
39.477652 0.301532
39.477070 0.317140
39.479121 0.315245
39.489027 0.007807
39.478094 0.332086
39.479308 0.331429
39.479607 0.372455
39.480234 0.390849
39.479412 0.396771
39.480269 0.395914
39.480164 0.403286
39.480551 0.411129
39.480907 0.426422
39.480756 0.426829
39.481471 0.467246
39.482075 0.489682
39.482809 0.496910
39.482566 0.514462
39.482894 0.515164
39.483736 0.515627
39.483934 0.538512
39.485926 0.552223
39.485578 0.553649
39.486426 0.592739
39.486035 0.593133
39.461448 0.632685
39.486706 0.614852
39.486564 0.622820
39.487075 0.631331
39.487663 0.642924
39.461524 0.705696
39.461524 0.731523
39.463287 0.049696
39.487937 0.725227
39.489375 0.735268
39.461582 0.763080
39.489204 0.034957
39.488382 0.770546
52.599516 0.024494
52.613376 0.010706
52.601111 0.024097
52.601299 0.023921
52.601706 0.024522
52.600901 0.025344
52.609658 0.016641
52.613875 0.012484
52.617988 0.009572
52.602171 0.144926
52.599706 0.040244
52.601749 0.045458
52.608934 0.233215
52.623013 0.037268
52.623210 0.042072
52.601457 0.063839
52.611321 0.327768
52.623472 0.041855
52.601633 0.093531
52.623608 0.078523
52.602226 0.129899
52.618207 0.011391
52.623880 0.123533
52.602411 0.147534
52.600790 0.751508
52.615545 0.769564
52.604627 0.182028
52.618758 0.865219
52.608798 0.233331
52.608671 0.233486
52.600220 0.242857
52.609132 0.234732
52.599956 0.243933
52.601327 0.053980
52.609398 0.264560
52.609479 0.272384
52.610356 0.312395
52.610469 0.321681
52.610732 0.335057
52.609971 0.335818
52.601501 0.063816
52.612577 0.364587
52.600507 0.386373
52.600289 0.424124
52.614379 0.582502
52.614591 0.589711
52.614257 0.590791
52.614554 0.598080
52.614472 0.598421
52.615159 0.607030
52.600507 0.646237
52.614850 0.631905
52.615950 0.726584
52.600693 0.752141
52.616415 0.745724
52.617254 0.745246
52.599925 0.162962
52.602878 0.152023
52.617504 0.805010
52.600529 0.832114
52.616174 0.816481
52.600998 0.902855
52.618207 0.887237
52.618276 0.895633
52.619769 0.903965
52.603007 0.187269
52.620298 0.929818
52.620098 0.930943
52.620451 1.023869
52.623000 1.037204
52.623252 1.047151
52.601299 1.078613
52.623344 1.057898
52.601230 1.111805
52.601975 1.133779
52.623291 1.136886
52.623845 1.155454
52.623628 1.167348
52.623860 1.202750
52.623871 1.203701
65.350548 0.031618
65.366806 0.015439
65.373604 0.008661
65.377300 0.004984
65.350947 0.031368
65.352181 0.030830
65.352170 0.031857
65.365260 0.019784
65.351137 0.126556
65.365812 0.020412
65.351366 0.034877
65.352455 0.033805
65.374077 0.010984
65.378579 0.022222
65.377028 0.658701
65.352736 0.048132
65.352859 0.755050
65.352396 0.055292
65.352515 0.063395
65.378166 0.037763
65.357887 0.068041
65.358205 0.072784
65.352632 0.084265
65.378654 0.064339
65.358421 0.127018
65.358549 0.135065
65.358651 0.136095
65.358230 0.142978
65.358710 0.159879
65.358815 0.185934
65.358861 0.193768
65.358928 0.201855
65.358976 0.210031
65.359399 0.225742
65.359149 0.226117
65.359277 0.232957
65.359951 0.256070
65.359647 0.257260
65.359511 0.272395
65.351255 0.296795
65.359866 0.295688
65.350707 0.043671
65.360240 0.311216
65.360563 0.312155
65.360364 0.326616
65.360870 0.361971
65.351346 0.372007
65.361594 0.383966
65.361340 0.392658
65.361843 0.401559
65.363040 0.408951
65.363233 0.425282
65.352111 0.436417
65.363394 0.441051
65.364616 0.456130
65.365369 0.476384
65.366705 0.490535
65.366603 0.496282
65.365686 0.497214
65.367248 0.495668
65.365547 0.504721
65.372159 0.513390
65.372424 0.543337
65.372576 0.552440
65.375517 0.575769
65.372976 0.585067
65.352053 0.613984
65.374895 0.599064
65.376870 0.605152
65.352102 0.638636
65.375791 0.637689
65.352146 0.668654
65.352515 0.048317
65.352231 0.684575
65.377518 0.667074
65.378228 0.666895
65.352404 0.719604
65.352618 0.762668
65.352557 0.772361
65.378288 0.025400
78.024900 0.031710
78.043787 0.012903
78.043565 0.013146
78.044109 0.012624
78.023630 0.033125
78.024673 0.032103
78.037746 0.019089
78.043662 0.013229
78.037541 0.019369
78.037959 0.018968
78.051373 0.005567
78.032123 0.190432
78.025084 0.031868
78.033109 0.272097
78.025722 0.036202
78.025953 0.035985
78.044679 0.019270
78.025340 0.046317
78.025580 0.036325
78.023822 0.050870
78.025693 0.052462
78.023998 0.054696
78.026105 0.750064
78.027547 0.054624
78.027752 0.072519
78.052392 0.058950
78.028572 0.082791
78.028142 0.101803
78.052410 0.077654
78.024195 0.112912
78.028399 0.109898
78.027897 0.111358
78.029652 0.145575
78.030086 0.160949
78.029344 0.177412
78.030207 0.185398
78.032870 0.198025
78.033303 0.199514
78.024358 0.214121
78.033607 0.247468
78.024395 0.257080
78.024459 0.288757
78.035588 0.286150
78.033903 0.303229
78.035949 0.301200
78.046697 0.012502
78.035757 0.309960
78.024659 0.350780
78.036302 0.352586
78.038267 0.368565
78.037331 0.375269
78.036727 0.384441
78.039728 0.389164
78.040896 0.388979
78.024807 0.449990
78.039205 0.435914
78.041499 0.433968
78.041659 0.459797
78.041279 0.467984
78.025755 0.048917
78.041975 0.524759
78.042156 0.525405
78.024889 0.542689
78.043126 0.525306
78.025709 0.569466
78.045787 0.558787
78.041799 0.580667
78.042898 0.596159
78.050187 0.597443
78.050420 0.603368
78.050498 0.619924
78.025380 0.645942
78.025440 0.674483
78.050598 0.650776
78.050801 0.703581
78.025607 0.728793
78.051662 0.713251
78.051186 0.767516
78.025864 0.052854
78.051995 0.779733
90.495288 0.017242
90.505985 0.006868
90.483150 0.029754
90.484712 0.028214
90.484442 0.028510
90.487146 0.026493
90.505135 0.009555
90.506683 0.008026
90.486814 0.195817
90.497738 0.216156
90.504630 0.011125
90.485084 0.042979
90.506207 0.027868
90.484850 0.049244
90.505733 0.031924
90.506083 0.035559
90.503993 0.660449
90.484939 0.060723
90.489586 0.060099
90.485312 0.069029
90.504532 0.862986
90.485500 0.108700
90.507055 0.086512
90.506329 1.031717
90.485998 0.113655
90.505877 1.226368
90.483409 0.122891
90.485620 1.410305
90.488610 0.194222
90.487605 1.486261
90.485020 1.534741
90.491403 0.199350
90.484006 0.213989
90.495906 0.202567
90.494932 0.211040
90.498630 0.018170
90.497931 0.271981
90.498200 0.272706
90.498089 0.280237
90.498289 0.280656
90.498493 0.288554
90.499532 0.305518
90.498723 0.314618
90.498365 0.346897
90.499712 0.360902
90.484065 0.392270
90.503257 0.373637
90.503134 0.381052
90.503371 0.381650
90.484112 0.426173
90.503406 0.425914
90.484128 0.539857
90.503493 0.558862
90.483368 0.062278
90.503596 0.698072
90.505441 0.735295
90.484488 0.793308
90.504821 0.798053
90.484513 0.834648
90.504285 0.865299
90.484639 0.906355
90.512617 0.081963
90.484539 1.018337
90.484639 1.089892
90.486378 0.113228
90.484851 1.138258
90.485312 1.187973
90.506401 1.178443
90.512828 0.093454
90.512605 1.277162
90.506588 1.309465
90.505621 1.354132
90.507248 1.364100
90.512745 1.394820
90.483529 0.129283
90.487118 1.554835
90.485998 1.556556
90.488117 1.568402
90.485781 1.580272
90.490380 0.199643
103.602719 0.024754
103.622238 0.005314
103.602241 0.025342
103.603061 0.024634
103.603281 0.024432
103.602857 0.024873
103.604877 0.022867
103.611160 0.016612
103.622675 0.005116
103.607317 0.020502
103.603610 0.024466
103.611880 0.016248
103.623017 0.005217
103.603670 0.024582
103.603207 0.025063
103.602414 0.025882
103.603527 0.024863
103.611942 0.016471
103.603857 0.024571
103.618759 0.009720
103.604457 0.024306
103.604504 0.024317
103.602447 0.026392
103.620678 0.008334
103.620895 0.008131
103.602599 0.026444
103.604095 0.024962
103.604664 0.024409
103.605023 0.024163
103.602624 0.026578
103.602899 0.026506
103.603046 0.026438
103.602827 0.026673
103.621873 0.007644
103.605275 0.024314
103.605007 0.024632
103.621937 0.007719
103.609870 0.019805
103.622022 0.007707
103.606766 0.023027
103.607140 0.022790
103.608720 0.021221
103.609078 0.020878
103.603148 0.026823
103.603385 0.026603
103.610289 0.019724
103.622583 0.007535
103.603310 0.026829
103.603517 0.026736
103.610868 0.019400
103.610510 0.019768
103.603720 0.026571
103.618602 0.011705
103.618306 0.012021
103.621029 0.009418
103.604120 0.026426
103.604166 0.026395
103.604282 0.026336
103.621431 0.009214
103.604382 0.026279
103.603944 0.026826
103.604014 0.026774
103.604606 0.026204
103.604765 0.026062
103.621806 0.009034
103.604848 0.026100
103.605091 0.025872
103.605275 0.025703
103.606584 0.024494
103.605579 0.025516
103.622141 0.008970
103.622393 0.008747
103.607024 0.024217
103.607234 0.024024
103.605340 0.025932
103.605489 0.025810
103.607661 0.023728
103.609267 0.022132
103.610005 0.021414
103.623092 0.008350
